95 90 85 80 64.4687 59.4739 54.4792 49.4844 45.662 29.6826 23.515 17.8105 19.8405 19.8405 19.8405 19.8405 19.8405 19.8405 19.8405 19.8405 
0 0 0 0 0 0 0 0 0 0 0 0 0 0 0 0 0 0 0 0 
0 0 0 0 0 0 0 0 0 0.742621 1.82242 9.33455 9.92024 9.92024 9.92024 9.92024 9.92024 9.92024 9.92024 9.92024 
0 0 0 0 0 0 0 0 0 9.93003 9.9239 9.91822 9.92024 9.92024 9.92024 9.92024 9.92024 9.92024 9.92024 9.92024 
0 0 0 0 0 0 0 0 0 3.06813 8.74374 9.91822 9.92024 9.92024 9.92024 9.92024 9.92024 9.92024 9.92024 9.92024 
0 0 0 0 9.96465 9.95968 9.95471 9.94974 9.94593 9.93003 9.9239 9.91822 9.92024 9.92024 9.92024 9.92024 9.92024 9.92024 9.92024 9.92024 
0 0 0 0 0 0 0 0 0 0 0 0 0 0 0 0 0 0 0 0 
0 0 0 0 0 0 0 0 0 0 0 0 0 0 0 0 0 0 0 0 
0 0 0 0 0 0 0 0 0 0 0 0 0 0 0 0 0 0 0 0 
0 0 0 0 1.66414 24.0296 44.8657 44.8433 44.8261 44.7545 44.7268 44.7012 44.7103 44.7103 44.7103 44.7103 44.7103 44.7103 44.7103 44.7103 
0 0 0 0 0 0 1.19191 18.6392 34.9338 34.878 34.8564 34.8365 34.8436 34.8436 34.8436 34.8436 34.8436 34.8436 34.8436 34.8436 
11.3451 22.6902 22.884 22.8726 22.8372 22.8258 22.8144 22.803 22.7943 22.7579 22.7438 22.7308 22.7354 22.7354 22.7354 22.7354 22.7354 22.7354 22.7354 22.7354 
0 0 9.9032 19.9887 20.2813 20.2711 20.261 20.2509 20.2432 20.2108 20.1983 20.1868 20.1909 20.1909 20.1909 20.1909 20.1909 20.1909 20.1909 20.1909 
0 0 0 0 0 0 0 0 0 0 0 0 0 0 0 0 0 0 0 0 
0 0 0 0 0 0 0 0 0 0 0 0 0 0 0 0 0 0 0 0 
0 0 0 0 0 0 0 0 0 12.8031 15.8036 0 0 0 0 0 0 0 0 0 
0 0 0 0 0 0 0 0 0 0 0 15.4752 0 0 0 0 0 0 0 0 
0 0 0 0 9.96465 9.95968 9.95471 9.94974 3.83873 0 0 0 0 0 0 0 0 0 0 0 
0 0 0 0 0 0 0 0 6.10719 8.15629 4.24932 0 0 0 0 0 0 0 0 0 
