5 0.847 6.63307 3.80974 3.32966 7.0029 
10 1.795 13.2661 7.61948 6.65932 14.0058 
15 2.581 19.6404 11.2368 9.82714 20.7257 
20 3.367 26.0175 14.8559 12.993 27.4517 
25 4.076 32.0383 18.2438 16.0232 33.8196 
30 4.752 34.0362 18.6824 16.6423 36.0015 
35 5.42 37.1351 20.7224 17.8749 39.3233 
40 5.964 40.4458 22.8829 19.2679 42.8248 
45 6.504 44.1223 25.1812 20.8703 46.6947 
50 6.911 46.0955 26.2534 21.8108 48.8034 
55 7.296 46.6689 26.1391 22.01 49.4658 
60 7.585 47.6181 26.3256 22.351 50.5132 
65 7.623 48.426 26.8092 22.6211 51.3385 
70 7.623 48.426 26.8092 22.6211 51.3385 
75 7.623 48.426 26.8092 22.6211 51.3385 
80 7.623 48.426 26.8092 22.6211 51.3385 
85 7.623 48.426 26.8092 22.6211 51.3385 
90 7.623 48.426 26.8092 22.6211 51.3385 
95 7.623 48.426 26.8092 22.6211 51.3385 
100 7.623 48.426 26.8092 22.6211 51.3385 
