-8.88997
-8.42233
-8.2226
-8.09636
-8.05013
-8.04168
-8.03742
-7.77431
-7.67708
-7.37613
-7.30864
-7.0882
-7.07435
-7.01951
-6.9987
-6.95897
-6.93295
-6.923
-6.91741
-6.90714
-6.901
-6.84722
-6.84675
-6.83445
-6.77954
-6.75199
-6.6889
-6.67625
-6.60521
-6.56837
-6.56805
-6.56583
-6.50451
-6.43541
-6.42715
-6.38774
-6.34788
-6.32741
-6.31287
-6.2626
-6.25888
-6.25255
-6.21208
-6.18956
-6.18708
-6.16372
-6.15998
-6.15767
-6.13593
-6.12354
-6.08192
-6.06356
-6.02495
-6.02289
-6.0124
-6.00591
-6.00093
-5.9942
-5.97635
-5.96283
-5.96187
-5.9518
-5.94798
-5.94179
-5.9408
-5.90939
-5.90729
-5.89782
-5.89733
-5.88976
-5.86303
-5.8504
-5.84849
-5.83276
-5.79145
-5.78067
-5.76817
-5.76144
-5.75729
-5.75608
-5.74504
-5.7401
-5.73882
-5.7174
-5.71029
-5.70626
-5.6908
-5.68575
-5.68422
-5.67339
-5.66885
-5.65945
-5.65651
-5.6358
-5.62986
-5.62905
-5.6266
-5.62254
-5.61983
-5.61643
-5.61231
-5.6038
-5.60167
-5.59098
-5.58418
-5.58402
-5.57894
-5.5715
-5.56167
-5.5488
-5.54411
-5.52177
-5.51486
-5.50959
-5.48032
-5.47464
-5.46302
-5.46143
-5.45254
-5.44795
-5.43834
-5.43733
-5.43527
-5.43481
-5.43006
-5.42945
-5.42476
-5.42245
-5.42088
-5.41124
-5.39804
-5.38095
-5.37942
-5.36684
-5.35815
-5.33391
-5.3339
-5.32301
-5.31403
-5.30997
-5.29901
-5.2874
-5.26921
-5.26434
-5.26417
-5.25209
-5.2489
-5.24069
-5.23463
-5.2338
-5.20975
-5.20288
-5.19971
-5.19172
-5.18346
-5.17947
-5.1649
-5.16266
-5.15286
-5.15277
-5.15109
-5.1485
-5.14772
-5.146
-5.14338
-5.1347
-5.13329
-5.13066
-5.13045
-5.12632
-5.12615
-5.12104
-5.11328
-5.11209
-5.11026
-5.10352
-5.10275
-5.09231
-5.09038
-5.08904
-5.08687
-5.07942
-5.07908
-5.0722
-5.06981
-5.06528
-5.05849
-5.05477
-5.0318
-5.0284
-5.02699
-5.02679
-5.02326
-5.00048
-4.99821
-4.99594
-4.9918
-4.98898
-4.98068
-4.97869
-4.97775
-4.97143
-4.96398
-4.96374
-4.95728
-4.95492
-4.95267
-4.95177
-4.94693
-4.94185
-4.94107
-4.94104
-4.94093
-4.93776
-4.9335
-4.92949
-4.92346
-4.91401
-4.90854
-4.90041
-4.89981
-4.89578
-4.89544
-4.89496
-4.89372
-4.8831
-4.88186
-4.87255
-4.8691
-4.86627
-4.86336
-4.86282
-4.86129
-4.8488
-4.84521
-4.84513
-4.84439
-4.83977
-4.83769
-4.83585
-4.83222
-4.82359
-4.82092
-4.82088
-4.81699
-4.81046
-4.80849
-4.80556
-4.80318
-4.7978
-4.7943
-4.79403
-4.79335
-4.79202
-4.78733
-4.77141
-4.77134
-4.77114
-4.76811
-4.76701
-4.76126
-4.75292
-4.74582
-4.74374
-4.74021
-4.73586
-4.73017
-4.72998
-4.72841
-4.72522
-4.71707
-4.71386
-4.7102
-4.70894
-4.69993
-4.68247
-4.68024
-4.67906
-4.67515
-4.67265
-4.67037
-4.66468
-4.66385
-4.66332
-4.65993
-4.65871
-4.65739
-4.65634
-4.6544
-4.64993
-4.63917
-4.63782
-4.63727
-4.63598
-4.63503
-4.63491
-4.63194
-4.62814
-4.61881
-4.61089
-4.6013
-4.59668
-4.59075
-4.58722
-4.58513
-4.58407
-4.58399
-4.58004
-4.57452
-4.57419
-4.56779
-4.56611
-4.56232
-4.55585
-4.55405
-4.55385
-4.54854
-4.54749
-4.54603
-4.53935
-4.53763
-4.53366
-4.52835
-4.5234
-4.52252
-4.51898
-4.51509
-4.50984
-4.50631
-4.5026
-4.50083
-4.50018
-4.49858
-4.49446
-4.49411
-4.49087
-4.49044
-4.48534
-4.48504
-4.48476
-4.4752
-4.47447
-4.47364
-4.46848
-4.45475
-4.4513
-4.44201
-4.43904
-4.43757
-4.43446
-4.42844
-4.42843
-4.42784
-4.42677
-4.42663
-4.42276
-4.42103
-4.42011
-4.41982
-4.40373
-4.3919
-4.39019
-4.39015
-4.38743
-4.38491
-4.37903
-4.37793
-4.37293
-4.3729
-4.37076
-4.36249
-4.36238
-4.36176
-4.35923
-4.3495
-4.34834
-4.34369
-4.34311
-4.3419
-4.34059
-4.33489
-4.3339
-4.33282
-4.33039
-4.32624
-4.32495
-4.32421
-4.31812
-4.31597
-4.31524
-4.31477
-4.31312
-4.31147
-4.30762
-4.30478
-4.29645
-4.29611
-4.29503
-4.2949
-4.29152
-4.29076
-4.28979
-4.28147
-4.27895
-4.27336
-4.27318
-4.26776
-4.26732
-4.26466
-4.26391
-4.26325
-4.26287
-4.26052
-4.25955
-4.25219
-4.24612
-4.24378
-4.23579
-4.23541
-4.23414
-4.23319
-4.23175
-4.22794
-4.22579
-4.22057
-4.21993
-4.21774
-4.21153
-4.19551
-4.19446
-4.19301
-4.19086
-4.18982
-4.18388
-4.18211
-4.18022
-4.17662
-4.17469
-4.17429
-4.17225
-4.16949
-4.16701
-4.16631
-4.16502
-4.1649
-4.1632
-4.16256
-4.16215
-4.16138
-4.16075
-4.15864
-4.15512
-4.15374
-4.15352
-4.15303
-4.1522
-4.15137
-4.15021
-4.14462
-4.13898
-4.13777
-4.13297
-4.13083
-4.13016
-4.12907
-4.1278
-4.11432
-4.11414
-4.11393
-4.11385
-4.11228
-4.11211
-4.10594
-4.10385
-4.10142
-4.10084
-4.09881
-4.09478
-4.09179
-4.08401
-4.08397
-4.08223
-4.07426
-4.07417
-4.07298
-4.06682
-4.06626
-4.06058
-4.06016
-4.05623
-4.0498
-4.03946
-4.03789
-4.03492
-4.02888
-4.02631
-4.02626
-4.02606
-4.02589
-4.02579
-4.02548
-4.02546
-4.01642
-4.01607
-4.01485
-4.01148
-4.00994
-4.00738
-4.00279
-3.9964
-3.98906
-3.98518
-3.98283
-3.97999
-3.97897
-3.97803
-3.97577
-3.97548
-3.97514
-3.97262
-3.96288
-3.96188
-3.95942
-3.95659
-3.94799
-3.94552
-3.94241
-3.94208
-3.94161
-3.9401
-3.93784
-3.93641
-3.93596
-3.92964
-3.92858
-3.92373
-3.92075
-3.91736
-3.91448
-3.90905
-3.89698
-3.89528
-3.89434
-3.89379
-3.89282
-3.89101
-3.89099
-3.88856
-3.88526
-3.88432
-3.88206
-3.88162
-3.87786
-3.87265
-3.87213
-3.87129
-3.86984
-3.86968
-3.86844
-3.86574
-3.86534
-3.86257
-3.86053
-3.85549
-3.85507
-3.85478
-3.85142
-3.84936
-3.84447
-3.84171
-3.84132
-3.83916
-3.83636
-3.83451
-3.83111
-3.8309
-3.82728
-3.82519
-3.82465
-3.81724
-3.8045
-3.80444
-3.80297
-3.79937
-3.79905
-3.79899
-3.79883
-3.79504
-3.79346
-3.78262
-3.78107
-3.78052
-3.77473
-3.7678
-3.7661
-3.76573
-3.76248
-3.7592
-3.7558
-3.7498
-3.74746
-3.74529
-3.73781
-3.73259
-3.72858
-3.72615
-3.72583
-3.72372
-3.72312
-3.72113
-3.72043
-3.72032
-3.71719
-3.71644
-3.71631
-3.71428
-3.71144
-3.70844
-3.70572
-3.70471
-3.70035
-3.69729
-3.69679
-3.69531
-3.69174
-3.68729
-3.68636
-3.68462
-3.67534
-3.6663
-3.66557
-3.66317
-3.66084
-3.65979
-3.65934
-3.65532
-3.65247
-3.65032
-3.64298
-3.64203
-3.63604
-3.63079
-3.63071
-3.63057
-3.62856
-3.62392
-3.62279
-3.61404
-3.6131
-3.60199
-3.59968
-3.59386
-3.59277
-3.59031
-3.58474
-3.5829
-3.58248
-3.58189
-3.57922
-3.57919
-3.57387
-3.57079
-3.5633
-3.56187
-3.56088
-3.55959
-3.55658
-3.55284
-3.5503
-3.55019
-3.54903
-3.54634
-3.54592
-3.54093
-3.54009
-3.53823
-3.53666
-3.53445
-3.53203
-3.53187
-3.52956
-3.52258
-3.52121
-3.51851
-3.51798
-3.51763
-3.51616
-3.51395
-3.51082
-3.51055
-3.50758
-3.50637
-3.5045
-3.50185
-3.49794
-3.49089
-3.48934
-3.48409
-3.4824
-3.46984
-3.46027
-3.45826
-3.45719
-3.45667
-3.45656
-3.45515
-3.45365
-3.45103
-3.45066
-3.4482
-3.44561
-3.44116
-3.44013
-3.43367
-3.42697
-3.42151
-3.41784
-3.41312
-3.41203
-3.40453
-3.40368
-3.40292
-3.39663
-3.38965
-3.38664
-3.383
-3.38273
-3.37819
-3.37681
-3.36423
-3.36267
-3.35833
-3.35552
-3.3541
-3.35159
-3.34924
-3.34593
-3.3459
-3.34296
-3.342
-3.33418
-3.33264
-3.33159
-3.33154
-3.33055
-3.31732
-3.31636
-3.31616
-3.31304
-3.31194
-3.31039
-3.30857
-3.30102
-3.29849
-3.29623
-3.29547
-3.28513
-3.28417
-3.28267
-3.28099
-3.27707
-3.2757
-3.27422
-3.27255
-3.26936
-3.26685
-3.26553
-3.26137
-3.24982
-3.24561
-3.24331
-3.23855
-3.23794
-3.23753
-3.23502
-3.23328
-3.23101
-3.22637
-3.22607
-3.22587
-3.22351
-3.22195
-3.22135
-3.21618
-3.21177
-3.20835
-3.1961
-3.18753
-3.17835
-3.17554
-3.17261
-3.17215
-3.169
-3.16805
-3.16637
-3.16547
-3.16098
-3.15819
-3.14989
-3.14924
-3.14695
-3.14579
-3.14475
-3.14299
-3.14217
-3.13418
-3.13077
-3.12865
-3.12693
-3.12318
-3.12195
-3.12082
-3.12051
-3.11303
-3.11283
-3.11135
-3.10947
-3.1074
-3.10731
-3.10437
-3.10426
-3.10385
-3.1026
-3.10186
-3.10071
-3.09947
-3.09906
-3.0975
-3.09034
-3.08342
-3.08112
-3.08083
-3.07803
-3.07758
-3.07735
-3.07552
-3.07391
-3.05585
-3.05232
-3.05046
-3.04938
-3.04897
-3.0446
-3.04386
-3.03696
-3.03614
-3.03299
-3.03079
-3.02975
-3.02808
-3.0234
-3.02164
-3.02152
-3.01859
-3.01508
-3.01383
-3.00758
-3.00203
-2.99471
-2.99009
-2.989
-2.98824
-2.97835
-2.97691
-2.97647
-2.97538
-2.97451
-2.97216
-2.97106
-2.96703
-2.95988
-2.95866
-2.95673
-2.95387
-2.95227
-2.95173
-2.95155
-2.94943
-2.94887
-2.94684
-2.94217
-2.93889
-2.93879
-2.93702
-2.93655
-2.9299
-2.92841
-2.92817
-2.92623
-2.92545
-2.92162
-2.92038
-2.91926
-2.91582
-2.91411
-2.91314
-2.9088
-2.90659
-2.90312
-2.90225
-2.90097
-2.89591
-2.89544
-2.88876
-2.88517
-2.88157
-2.88012
-2.8731
-2.87123
-2.8603
-2.85785
-2.85707
-2.85547
-2.85245
-2.85234
-2.84996
-2.84886
-2.8424
-2.84086
-2.83762
-2.83099
-2.828
-2.82764
-2.82375
-2.81892
-2.81862
-2.81522
-2.81472
-2.81188
-2.8114
-2.80492
-2.79787
-2.79553
-2.7931
-2.79278
-2.79233
-2.78858
-2.78728
-2.78493
-2.78183
-2.77159
-2.77151
-2.76664
-2.76355
-2.75884
-2.7586
-2.75243
-2.7508
-2.74942
-2.74185
-2.7399
-2.73899
-2.73562
-2.73331
-2.73273
-2.72955
-2.72395
-2.72137
-2.72093
-2.71914
-2.71889
-2.71762
-2.71625
-2.71567
-2.71111
-2.7106
-2.70783
-2.70737
-2.70716
-2.70643
-2.7035
-2.68923
-2.68449
-2.68346
-2.68233
-2.67926
-2.67855
-2.67787
-2.6772
-2.67382
-2.67358
-2.67339
-2.67145
-2.66836
-2.66766
-2.66668
-2.66259
-2.66245
-2.66188
-2.6614
-2.65427
-2.64909
-2.64776
-2.64575
-2.64548
-2.64386
-2.64293
-2.64281
-2.64146
-2.63981
-2.63844
-2.63618
-2.63042
-2.62612
-2.62418
-2.62227
-2.62187
-2.61957
-2.61879
-2.61574
-2.61398
-2.6137
-2.60634
-2.60321
-2.59999
-2.59677
-2.59239
-2.59202
-2.58923
-2.58874
-2.58623
-2.58438
-2.58392
-2.58049
-2.57277
-2.5714
-2.57137
-2.56799
-2.56753
-2.55875
-2.55361
-2.55292
-2.54474
-2.53955
-2.53858
-2.53783
-2.5349
-2.52894
-2.52797
-2.5273
-2.52606
-2.52426
-2.51957
-2.51719
-2.51404
-2.51131
-2.51028
-2.50894
-2.50073
-2.49857
-2.4975
-2.4856
-2.48521
-2.47956
-2.4788
-2.47692
-2.47207
-2.46854
-2.46616
-2.46208
-2.4612
-2.45964
-2.45913
-2.45555
-2.45301
-2.44876
-2.44702
-2.447
-2.44608
-2.44481
-2.44445
-2.44347
-2.4417
-2.43627
-2.43534
-2.43526
-2.42407
-2.42227
-2.41943
-2.41684
-2.41542
-2.41305
-2.41264
-2.41156
-2.41057
-2.41033
-2.40702
-2.39886
-2.39744
-2.39684
-2.39602
-2.39249
-2.39077
-2.38719
-2.38626
-2.38499
-2.38245
-2.38096
-2.37895
-2.37685
-2.37519
-2.37499
-2.37454
-2.37274
-2.36281
-2.36204
-2.36179
-2.36087
-2.36078
-2.35927
-2.35884
-2.356
-2.35194
-2.34071
-2.33897
-2.33826
-2.33822
-2.33818
-2.33253
-2.32794
-2.32616
-2.32509
-2.3243
-2.32397
-2.32389
-2.3193
-2.31849
-2.31724
-2.31528
-2.31396
-2.31375
-2.30275
-2.29745
-2.29559
-2.29147
-2.29111
-2.29109
-2.29095
-2.2864
-2.27783
-2.27652
-2.27008
-2.26655
-2.26512
-2.26359
-2.25919
-2.25888
-2.25815
-2.25619
-2.25545
-2.25378
-2.24919
-2.24509
-2.24502
-2.24368
-2.2414
-2.23813
-2.21908
-2.21865
-2.2182
-2.2176
-2.21595
-2.21444
-2.2143
-2.21022
-2.20787
-2.2071
-2.20139
-2.20073
-2.19913
-2.1942
-2.19123
-2.19065
-2.18891
-2.18839
-2.18788
-2.1871
-2.18673
-2.18523
-2.18445
-2.1805
-2.17988
-2.17888
-2.17364
-2.16684
-2.16552
-2.16357
-2.16143
-2.16106
-2.15743
-2.15295
-2.1514
-2.15106
-2.14762
-2.14429
-2.14308
-2.13374
-2.12669
-2.12466
-2.12389
-2.11766
-2.11702
-2.11243
-2.10915
-2.10831
-2.1017
-2.10163
-2.10109
-2.09854
-2.09677
-2.09437
-2.08743
-2.08347
-2.0828
-2.07806
-2.07386
-2.07161
-2.06866
-2.06825
-2.06339
-2.06334
-2.06229
-2.06083
-2.05489
-2.05161
-2.04662
-2.04519
-2.04308
-2.03808
-2.03742
-2.03473
-2.03384
-2.02838
-2.02603
-2.02439
-2.02329
-2.02209
-2.02086
-2.02018
-2.01975
-2.01911
-2.01872
-2.01743
-2.01724
-2.01477
-2.01328
-2.01301
-2.01205
-2.01141
-2.00994
-2.00701
-2.005
-1.99827
-1.99686
-1.99662
-1.99628
-1.99286
-1.99273
-1.98946
-1.98715
-1.98697
-1.98535
-1.98297
-1.98253
-1.98238
-1.97805
-1.97708
-1.97628
-1.9731
-1.97301
-1.97275
-1.97244
-1.97207
-1.96984
-1.96983
-1.96737
-1.9649
-1.96349
-1.96251
-1.96181
-1.95794
-1.957
-1.95599
-1.95468
-1.95462
-1.95109
-1.95094
-1.94551
-1.94473
-1.9439
-1.94299
-1.93873
-1.93753
-1.93633
-1.93476
-1.93332
-1.93044
-1.9259
-1.92192
-1.92128
-1.91954
-1.91832
-1.9136
-1.91106
-1.91031
-1.90884
-1.90375
-1.89807
-1.89626
-1.89513
-1.89457
-1.89355
-1.892
-1.88905
-1.88566
-1.88459
-1.88415
-1.88138
-1.87983
-1.87515
-1.87256
-1.87241
-1.86658
-1.86652
-1.86284
-1.86032
-1.85911
-1.85462
-1.85197
-1.85079
-1.85078
-1.8412
-1.83411
-1.83327
-1.83139
-1.83119
-1.82958
-1.82906
-1.82653
-1.82202
-1.81864
-1.81701
-1.81674
-1.8166
-1.81475
-1.81185
-1.81082
-1.80918
-1.8065
-1.80618
-1.80333
-1.79539
-1.79424
-1.79167
-1.79123
-1.7898
-1.7889
-1.78798
-1.78578
-1.78444
-1.78384
-1.78382
-1.78368
-1.78238
-1.78008
-1.78005
-1.77642
-1.77586
-1.77313
-1.77283
-1.76838
-1.7679
-1.76546
-1.75849
-1.75694
-1.75547
-1.75135
-1.74772
-1.73697
-1.73394
-1.73013
-1.72894
-1.72837
-1.72031
-1.71924
-1.71682
-1.71407
-1.7123
-1.71013
-1.70849
-1.70754
-1.7065
-1.70196
-1.69962
-1.69862
-1.69718
-1.6955
-1.6952
-1.6949
-1.69464
-1.69377
-1.69326
-1.68798
-1.68377
-1.68193
-1.68145
-1.68009
-1.67791
-1.67343
-1.66742
-1.66598
-1.66349
-1.66237
-1.66134
-1.66051
-1.65981
-1.65951
-1.65921
-1.65728
-1.65708
-1.65618
-1.65612
-1.65568
-1.65555
-1.65463
-1.65458
-1.65366
-1.65162
-1.64489
-1.64357
-1.64353
-1.64263
-1.64089
-1.64011
-1.6401
-1.63901
-1.63753
-1.63752
-1.6375
-1.63525
-1.63107
-1.63052
-1.62777
-1.62723
-1.61949
-1.61797
-1.61762
-1.61707
-1.61048
-1.60988
-1.6059
-1.6039
-1.60244
-1.60161
-1.60144
-1.60078
-1.59858
-1.59608
-1.59122
-1.59071
-1.58691
-1.58649
-1.58032
-1.57715
-1.57683
-1.57533
-1.57275
-1.57085
-1.56269
-1.55883
-1.55673
-1.55627
-1.55217
-1.54862
-1.54776
-1.5458
-1.54499
-1.54244
-1.54172
-1.54125
-1.5392
-1.53838
-1.53791
-1.53541
-1.53474
-1.5347
-1.53114
-1.53065
-1.52884
-1.52593
-1.52533
-1.52325
-1.52182
-1.52143
-1.50503
-1.50105
-1.49721
-1.49707
-1.49542
-1.48601
-1.48509
-1.48243
-1.47657
-1.47484
-1.47131
-1.46953
-1.46894
-1.46348
-1.46294
-1.46239
-1.46166
-1.45947
-1.45738
-1.45644
-1.4552
-1.45514
-1.45394
-1.45018
-1.45009
-1.44812
-1.44386
-1.44372
-1.44303
-1.44284
-1.43992
-1.43943
-1.43921
-1.43758
-1.4352
-1.43469
-1.43118
-1.4287
-1.42762
-1.42756
-1.42224
-1.42032
-1.41927
-1.4164
-1.41615
-1.41602
-1.41344
-1.41235
-1.41118
-1.41087
-1.40247
-1.40013
-1.39862
-1.39527
-1.39486
-1.39284
-1.38853
-1.38479
-1.38465
-1.38305
-1.381
-1.37653
-1.37514
-1.36326
-1.35314
-1.35314
-1.35137
-1.3508
-1.3496
-1.34796
-1.34674
-1.34219
-1.33528
-1.33336
-1.33262
-1.32593
-1.31954
-1.31703
-1.31401
-1.31291
-1.31216
-1.30903
-1.30612
-1.30511
-1.30465
-1.30331
-1.3001
-1.29867
-1.29799
-1.29483
-1.29263
-1.29058
-1.28967
-1.28913
-1.2844
-1.28412
-1.27542
-1.26603
-1.2633
-1.26149
-1.25565
-1.25386
-1.25293
-1.24979
-1.24839
-1.24796
-1.24764
-1.24669
-1.24556
-1.24249
-1.2423
-1.24175
-1.24005
-1.24001
-1.23953
-1.2391
-1.23771
-1.23683
-1.23338
-1.23321
-1.23315
-1.23279
-1.22966
-1.22837
-1.22635
-1.22593
-1.22214
-1.21987
-1.21779
-1.21486
-1.20596
-1.20578
-1.20284
-1.20023
-1.19893
-1.19863
-1.19802
-1.19775
-1.1976
-1.19364
-1.19143
-1.19065
-1.18879
-1.18276
-1.17981
-1.17849
-1.17762
-1.17701
-1.17522
-1.17376
-1.16809
-1.16549
-1.16476
-1.16422
-1.16016
-1.15755
-1.14307
-1.14015
-1.13832
-1.13463
-1.1341
-1.13343
-1.13303
-1.12949
-1.12918
-1.12848
-1.12289
-1.12277
-1.12087
-1.1201
-1.12006
-1.11879
-1.117
-1.11573
-1.11519
-1.1142
-1.11389
-1.11176
-1.10988
-1.10703
-1.10542
-1.10488
-1.10454
-1.1041
-1.10313
-1.10256
-1.10209
-1.09843
-1.09736
-1.09492
-1.09437
-1.09327
-1.09128
-1.09091
-1.0904
-1.08956
-1.08596
-1.08529
-1.08428
-1.08139
-1.07974
-1.07762
-1.07471
-1.0745
-1.07081
-1.06342
-1.05646
-1.05232
-1.05137
-1.04866
-1.04699
-1.04394
-1.03969
-1.03865
-1.03792
-1.03586
-1.03439
-1.03028
-1.02871
-1.02629
-1.02062
-1.02039
-1.01831
-1.01382
-1.01303
-1.01088
-1.00842
-1.0042
-1.00346
-1.00161
-0.998189
-0.994207
-0.994173
-0.992659
-0.991846
-0.987578
-0.987303
-0.986764
-0.986421
-0.98543
-0.983988
-0.980986
-0.978412
-0.977616
-0.976023
-0.974843
-0.974504
-0.974367
-0.973929
-0.972959
-0.969397
-0.964421
-0.964322
-0.962773
-0.960486
-0.959313
-0.958181
-0.956747
-0.953362
-0.942433
-0.93998
-0.935894
-0.935472
-0.933309
-0.931427
-0.92822
-0.928206
-0.927652
-0.923701
-0.923541
-0.923172
-0.921536
-0.919465
-0.915667
-0.915555
-0.915064
-0.914703
-0.913092
-0.909567
-0.909158
-0.905954
-0.901684
-0.900839
-0.900687
-0.899977
-0.89953
-0.892458
-0.889656
-0.889368
-0.889181
-0.88909
-0.887913
-0.887433
-0.887238
-0.884761
-0.882052
-0.880603
-0.878142
-0.86803
-0.867583
-0.86755
-0.864832
-0.861791
-0.858873
-0.858729
-0.854783
-0.853879
-0.846607
-0.844855
-0.842038
-0.841967
-0.841222
-0.841186
-0.839828
-0.833279
-0.832114
-0.831902
-0.830627
-0.829843
-0.824627
-0.823076
-0.819518
-0.815444
-0.814237
-0.813757
-0.810758
-0.802731
-0.801247
-0.800127
-0.799789
-0.798508
-0.798353
-0.797253
-0.790991
-0.785957
-0.785412
-0.784932
-0.784067
-0.781906
-0.779433
-0.773577
-0.763995
-0.763472
-0.763026
-0.759042
-0.756632
-0.753683
-0.750611
-0.744794
-0.743023
-0.742486
-0.74159
-0.740002
-0.737343
-0.737092
-0.736348
-0.735745
-0.734264
-0.729173
-0.727341
-0.724978
-0.72451
-0.723477
-0.722531
-0.717911
-0.71523
-0.714032
-0.713551
-0.71319
-0.709964
-0.709046
-0.705027
-0.704773
-0.701961
-0.700831
-0.700171
-0.698909
-0.696581
-0.696292
-0.695749
-0.694126
-0.689173
-0.688892
-0.688277
-0.686366
-0.685851
-0.685474
-0.681692
-0.681169
-0.68031
-0.680244
-0.678914
-0.678774
-0.677139
-0.674079
-0.671418
-0.667974
-0.667949
-0.663306
-0.662732
-0.659205
-0.650552
-0.650029
-0.645619
-0.644032
-0.643357
-0.643345
-0.639582
-0.636931
-0.636903
-0.635114
-0.62978
-0.629277
-0.629071
-0.629035
-0.628632
-0.623431
-0.622838
-0.621162
-0.621089
-0.619041
-0.618463
-0.616305
-0.612881
-0.612055
-0.611667
-0.611482
-0.609454
-0.608321
-0.606763
-0.596982
-0.593864
-0.590697
-0.588592
-0.586363
-0.584222
-0.580689
-0.578994
-0.577181
-0.572213
-0.568155
-0.566879
-0.563487
-0.560245
-0.559479
-0.559045
-0.557233
-0.554888
-0.553886
-0.551717
-0.551075
-0.549985
-0.549356
-0.545861
-0.543838
-0.543319
-0.536684
-0.535295
-0.534501
-0.534051
-0.533398
-0.531489
-0.526568
-0.525987
-0.524456
-0.522059
-0.521021
-0.517513
-0.517138
-0.515967
-0.513705
-0.511511
-0.509303
-0.505058
-0.504555
-0.500582
-0.498751
-0.494628
-0.494396
-0.49398
-0.490608
-0.490564
-0.487459
-0.48582
-0.481895
-0.481784
-0.476619
-0.475604
-0.473712
-0.472841
-0.472489
-0.466216
-0.465256
-0.463988
-0.461634
-0.458186
-0.457774
-0.456575
-0.455074
-0.454258
-0.453742
-0.452791
-0.447214
-0.446313
-0.442716
-0.442368
-0.438868
-0.43541
-0.434211
-0.433975
-0.433926
-0.428289
-0.427537
-0.427519
-0.426505
-0.425974
-0.41793
-0.41554
-0.41439
-0.414008
-0.413466
-0.412997
-0.410398
-0.409512
-0.407573
-0.405267
-0.401494
-0.401343
-0.400605
-0.398993
-0.394862
-0.391755
-0.391508
-0.391331
-0.390573
-0.388415
-0.386819
-0.385566
-0.384774
-0.383047
-0.3807
-0.379634
-0.375463
-0.373104
-0.371575
-0.369135
-0.366225
-0.360433
-0.354924
-0.353726
-0.350725
-0.349716
-0.349532
-0.348753
-0.346966
-0.345329
-0.345153
-0.34499
-0.344503
-0.344413
-0.34123
-0.340942
-0.34026
-0.339839
-0.339713
-0.33872
-0.336825
-0.33544
-0.330673
-0.330663
-0.325584
-0.32445
-0.317213
-0.317209
-0.314546
-0.313178
-0.312317
-0.31095
-0.306949
-0.302549
-0.300689
-0.299647
-0.298383
-0.294936
-0.291453
-0.289293
-0.288403
-0.286836
-0.2862
-0.281698
-0.28165
-0.280212
-0.279765
-0.278905
-0.276403
-0.274914
-0.272913
-0.272087
-0.271575
-0.268919
-0.267875
-0.264909
-0.26479
-0.263442
-0.263387
-0.259575
-0.258939
-0.258429
-0.254158
-0.253697
-0.252552
-0.251358
-0.250446
-0.246796
-0.24615
-0.245373
-0.244553
-0.243133
-0.24231
-0.24073
-0.237649
-0.235223
-0.23485
-0.234028
-0.233322
-0.232595
-0.22849
-0.223904
-0.220929
-0.220656
-0.22048
-0.21971
-0.21865
-0.211348
-0.211336
-0.210182
-0.209584
-0.20921
-0.207321
-0.204855
-0.194884
-0.19484
-0.194237
-0.19345
-0.18951
-0.188263
-0.186012
-0.18158
-0.181374
-0.181194
-0.180922
-0.17789
-0.175953
-0.169939
-0.169507
-0.167703
-0.167512
-0.167297
-0.159979
-0.159534
-0.156973
-0.156744
-0.156675
-0.15638
-0.156131
-0.155599
-0.153421
-0.151314
-0.150085
-0.147398
-0.14652
-0.146478
-0.144057
-0.143575
-0.142502
-0.142176
-0.13752
-0.137283
-0.13581
-0.132666
-0.132252
-0.131722
-0.126937
-0.126738
-0.12657
-0.126079
-0.125882
-0.125823
-0.124542
-0.124082
-0.122749
-0.118296
-0.117968
-0.113253
-0.111908
-0.108415
-0.108234
-0.107515
-0.106484
-0.106286
-0.104429
-0.102771
-0.101968
-0.10181
-0.0956378
-0.0933795
-0.0898803
-0.0888649
-0.0868129
-0.0849441
-0.084307
-0.0837588
-0.0829938
-0.0819294
-0.0804941
-0.0790661
-0.0765859
-0.0747324
-0.0734248
-0.0712901
-0.0700394
-0.0658006
-0.0626386
-0.0615392
-0.0611711
-0.0600338
-0.058662
-0.0584657
-0.0532492
-0.0503271
-0.0485036
-0.0448569
-0.0439996
-0.0439159
-0.0425044
-0.0408857
-0.0401712
-0.0398768
-0.0335357
-0.0286296
-0.0227164
-0.0225491
-0.0189667
-0.0164461
-0.0120347
-0.0103882
-0.00835833
-0.00617249
-0.00416158
-0.0026282
-0.00176567
0.00146944
0.00227043
0.00381575
0.00426978
0.00583959
0.00651405
0.0125546
0.0170259
0.0170671
0.0202214
0.0211066
0.0224306
0.0233288
0.0277243
0.0282419
0.0309819
0.0323006
0.0359702
0.0388449
0.0431844
0.0443188
0.0450211
0.0489376
0.0506002
0.0523994
0.0524298
0.0529696
0.0566333
0.0566936
0.0596279
0.063809
0.065433
0.0686712
0.0690015
0.07038
0.0731696
0.0741026
0.0783445
0.0791902
0.0796327
0.0802493
0.0807315
0.0829073
0.0844781
0.0861339
0.0880154
0.0887051
0.0896868
0.0906489
0.0920173
0.0930277
0.0997787
0.101554
0.101708
0.103023
0.103465
0.103863
0.108886
0.113187
0.113215
0.114495
0.116384
0.118805
0.127472
0.128491
0.130231
0.130931
0.133009
0.133635
0.136025
0.136156
0.137824
0.140854
0.143656
0.144058
0.14583
0.146443
0.150044
0.151365
0.151774
0.151953
0.155185
0.155438
0.157399
0.16284
0.166563
0.167253
0.167337
0.16947
0.169661
0.173192
0.174599
0.174832
0.175282
0.179271
0.1804
0.18138
0.18159
0.183819
0.185008
0.186054
0.186429
0.189633
0.194142
0.194194
0.194517
0.196765
0.19822
0.199112
0.199625
0.199859
0.200665
0.200931
0.203346
0.206249
0.206479
0.207975
0.208926
0.211036
0.213778
0.214726
0.221805
0.225912
0.227232
0.227429
0.228893
0.230854
0.233195
0.234098
0.236533
0.238335
0.240744
0.241266
0.241511
0.241713
0.24348
0.246078
0.247226
0.249257
0.25055
0.25421
0.255007
0.255659
0.256389
0.256561
0.256698
0.261332
0.262063
0.262872
0.264047
0.264229
0.265618
0.268128
0.268311
0.269312
0.270257
0.271888
0.274693
0.275407
0.277108
0.277745
0.283715
0.285077
0.285337
0.285478
0.287399
0.290392
0.297743
0.300011
0.300145
0.300879
0.301782
0.303083
0.313661
0.313679
0.315303
0.315384
0.315859
0.317336
0.31803
0.31857
0.319853
0.322127
0.324201
0.328417
0.330448
0.332659
0.332729
0.333495
0.336874
0.33705
0.337116
0.337755
0.337824
0.339028
0.339645
0.343806
0.34461
0.346459
0.347599
0.348634
0.35051
0.354065
0.355196
0.355235
0.363286
0.36418
0.365134
0.366708
0.366722
0.369037
0.369193
0.370152
0.373134
0.375548
0.376859
0.377857
0.379145
0.379566
0.379867
0.381354
0.381547
0.382348
0.384857
0.387474
0.387858
0.39064
0.391174
0.391274
0.392097
0.392281
0.393568
0.393852
0.395225
0.397052
0.39751
0.400378
0.401067
0.401322
0.403121
0.403614
0.403637
0.404229
0.404353
0.404381
0.411741
0.41216
0.414448
0.417689
0.418468
0.419343
0.420933
0.421057
0.421524
0.424521
0.427879
0.428293
0.431014
0.433161
0.435897
0.437171
0.439598
0.439919
0.443057
0.443148
0.443304
0.444515
0.444594
0.446315
0.446613
0.447062
0.44945
0.449712
0.450675
0.456753
0.45732
0.458007
0.459489
0.462044
0.463055
0.465272
0.470488
0.47076
0.471588
0.471815
0.472346
0.47349
0.473877
0.474345
0.478175
0.47832
0.478797
0.48212
0.486104
0.488056
0.491047
0.491179
0.492727
0.492992
0.494438
0.49584
0.496874
0.497525
0.497772
0.498221
0.501126
0.503203
0.504236
0.506451
0.507689
0.508192
0.508493
0.509217
0.510634
0.51436
0.514439
0.5158
0.517531
0.517736
0.518492
0.52038
0.526228
0.528972
0.529918
0.530985
0.531327
0.531635
0.531841
0.531968
0.532678
0.533632
0.534078
0.534808
0.53943
0.539537
0.541387
0.545733
0.545868
0.54641
0.547526
0.547907
0.549154
0.550707
0.551169
0.551774
0.552113
0.5579
0.558554
0.559125
0.562652
0.565245
0.569329
0.569613
0.57082
0.57098
0.571772
0.573215
0.574083
0.574319
0.576136
0.577365
0.57795
0.578299
0.580015
0.580747
0.582598
0.583026
0.584559
0.585114
0.587038
0.587421
0.5902
0.592461
0.594865
0.596419
0.597793
0.598269
0.599824
0.600434
0.60286
0.60405
0.607954
0.612328
0.612626
0.615381
0.615647
0.617836
0.617976
0.618221
0.619622
0.620157
0.623815
0.629248
0.629395
0.629525
0.631395
0.631655
0.63189
0.632107
0.634142
0.635397
0.63748
0.64575
0.647204
0.648192
0.648228
0.648715
0.649208
0.651879
0.651968
0.652942
0.659208
0.660082
0.660243
0.662443
0.66474
0.66521
0.665656
0.665918
0.671674
0.673292
0.675712
0.679459
0.681578
0.682279
0.682726
0.683285
0.686361
0.686836
0.687194
0.688007
0.68972
0.692029
0.693246
0.693686
0.693816
0.694223
0.696731
0.697435
0.698054
0.700843
0.701499
0.702003
0.702011
0.703396
0.711618
0.712402
0.713751
0.713865
0.714099
0.714135
0.714948
0.717866
0.720298
0.72044
0.722442
0.723342
0.725583
0.728147
0.731598
0.732752
0.732961
0.735588
0.736117
0.73926
0.739649
0.74041
0.74059
0.744073
0.744557
0.745277
0.746204
0.747667
0.747993
0.755176
0.755311
0.757756
0.760624
0.761575
0.763127
0.768791
0.769723
0.770665
0.772719
0.774275
0.774422
0.776618
0.776849
0.77852
0.778597
0.778614
0.778888
0.779701
0.784337
0.784364
0.786339
0.787558
0.789717
0.790549
0.791616
0.792934
0.793356
0.795697
0.797657
0.798153
0.799968
0.80068
0.803727
0.80384
0.805626
0.810689
0.812035
0.816461
0.820408
0.820476
0.821904
0.822879
0.82406
0.825104
0.82733
0.829133
0.832511
0.833253
0.836096
0.836297
0.836458
0.838482
0.838728
0.83911
0.841206
0.841225
0.844444
0.848366
0.855842
0.856687
0.857104
0.860281
0.860756
0.863724
0.871201
0.872528
0.873383
0.87405
0.876692
0.879811
0.882129
0.884619
0.886885
0.887962
0.891427
0.892541
0.892577
0.893955
0.896308
0.896401
0.899507
0.900805
0.901178
0.901301
0.902167
0.902312
0.904295
0.90588
0.911337
0.911354
0.91235
0.914067
0.915074
0.91536
0.915937
0.917981
0.918754
0.920059
0.921693
0.924293
0.925159
0.930036
0.932574
0.932977
0.93346
0.933913
0.93589
0.937637
0.938673
0.939127
0.939148
0.940809
0.94196
0.942847
0.945907
0.946452
0.951206
0.951841
0.953872
0.955801
0.955939
0.956566
0.960622
0.962218
0.967218
0.968272
0.974555
0.974837
0.97513
0.976604
0.978522
0.982415
0.982941
0.983599
0.987429
0.990508
0.994893
0.996159
0.996545
0.996996
0.999627
1.00067
1.00067
1.00095
1.00138
1.00195
1.00441
1.00524
1.00652
1.00702
1.01124
1.01442
1.01472
1.01521
1.01668
1.02376
1.02458
1.02522
1.02529
1.02538
1.02553
1.02571
1.02874
1.03199
1.03226
1.03458
1.0359
1.03639
1.03765
1.03828
1.03954
1.0397
1.04292
1.04439
1.0467
1.04784
1.04877
1.05097
1.05177
1.05276
1.0614
1.06149
1.06235
1.06258
1.06297
1.06327
1.06344
1.06359
1.06391
1.06398
1.06707
1.07055
1.0718
1.07194
1.07303
1.07306
1.07591
1.07776
1.07867
1.07883
1.07998
1.08381
1.08429
1.08462
1.08807
1.08954
1.09075
1.09075
1.09302
1.0938
1.09431
1.09651
1.09731
1.09894
1.09942
1.10537
1.10556
1.10571
1.10576
1.10719
1.10914
1.10997
1.11188
1.1136
1.11564
1.11752
1.11814
1.11905
1.12152
1.12242
1.12531
1.12753
1.12935
1.13085
1.13135
1.13149
1.13342
1.13487
1.13719
1.13886
1.14003
1.14225
1.1424
1.14498
1.14808
1.14826
1.1485
1.15197
1.15292
1.15325
1.15382
1.15402
1.15451
1.15624
1.15626
1.15968
1.16117
1.16188
1.16226
1.16275
1.16325
1.16609
1.16706
1.16784
1.1687
1.16949
1.17086
1.17208
1.17417
1.17548
1.17749
1.17751
1.17922
1.18194
1.183
1.1856
1.18645
1.18725
1.18941
1.19155
1.19378
1.1951
1.19795
1.1987
1.19875
1.19895
1.20048
1.20125
1.20176
1.20398
1.20576
1.20812
1.20896
1.20902
1.20987
1.21129
1.21788
1.2185
1.219
1.22078
1.22202
1.22225
1.22334
1.22397
1.22667
1.22802
1.22969
1.22988
1.23226
1.2362
1.23695
1.23755
1.23872
1.23904
1.23948
1.24346
1.24366
1.24371
1.24532
1.24712
1.24826
1.24871
1.25194
1.25204
1.25234
1.25436
1.25484
1.25579
1.25703
1.25758
1.261
1.26376
1.26521
1.266
1.26863
1.26917
1.2707
1.27252
1.27294
1.27444
1.27508
1.27717
1.28134
1.28196
1.28272
1.28421
1.28438
1.28487
1.28834
1.28857
1.29263
1.29646
1.29717
1.29871
1.29881
1.29917
1.30303
1.30402
1.30622
1.3087
1.30901
1.31072
1.31183
1.31184
1.31244
1.31595
1.31788
1.31794
1.31872
1.3196
1.32139
1.32159
1.32249
1.32509
1.32562
1.32899
1.32936
1.33009
1.33368
1.33655
1.33722
1.33809
1.33971
1.34132
1.34175
1.34354
1.34363
1.34417
1.35273
1.35386
1.3544
1.35446
1.35703
1.35985
1.3628
1.36472
1.36524
1.36548
1.36773
1.36891
1.37197
1.37206
1.37312
1.37625
1.3763
1.37705
1.37894
1.37959
1.37996
1.38034
1.38042
1.38067
1.38181
1.38187
1.38418
1.38619
1.3867
1.38743
1.38773
1.38802
1.38826
1.39069
1.39095
1.39373
1.39504
1.3989
1.40097
1.40314
1.40386
1.40464
1.40487
1.40848
1.40899
1.41006
1.41033
1.4108
1.41088
1.41229
1.41702
1.41738
1.41776
1.4197
1.41998
1.4205
1.42225
1.42298
1.42419
1.42566
1.42659
1.42683
1.4284
1.42993
1.43039
1.43081
1.43104
1.43121
1.43239
1.43392
1.43456
1.43583
1.4397
1.44465
1.45058
1.45059
1.45102
1.45307
1.45417
1.45522
1.45638
1.45843
1.45947
1.46228
1.46291
1.46375
1.4654
1.46752
1.4697
1.47038
1.47213
1.47626
1.47633
1.47709
1.48
1.48203
1.48389
1.48709
1.49249
1.4946
1.4949
1.49687
1.49994
1.50327
1.50425
1.50752
1.50932
1.51066
1.5107
1.51107
1.51681
1.52024
1.5212
1.52214
1.52244
1.52411
1.52476
1.52503
1.52623
1.53046
1.53236
1.53551
1.5372
1.53725
1.53905
1.54105
1.54263
1.54324
1.5447
1.54598
1.546
1.54612
1.54986
1.54998
1.55057
1.55197
1.55869
1.56076
1.56204
1.56358
1.56453
1.56568
1.56835
1.56876
1.5706
1.57076
1.57167
1.57227
1.57305
1.57333
1.57337
1.57681
1.57951
1.57979
1.5808
1.58408
1.5869
1.58901
1.58986
1.59185
1.59316
1.59417
1.5951
1.59701
1.60339
1.60365
1.6053
1.60667
1.60832
1.60844
1.61287
1.61318
1.61504
1.61511
1.61813
1.62447
1.62533
1.62549
1.62582
1.62938
1.63017
1.63113
1.63155
1.63259
1.636
1.63782
1.65113
1.65319
1.655
1.65665
1.65782
1.65794
1.6582
1.6593
1.65977
1.65978
1.66018
1.66116
1.66288
1.66705
1.66804
1.66914
1.67082
1.67207
1.67423
1.67679
1.67786
1.67865
1.67935
1.67941
1.6798
1.6802
1.68295
1.68296
1.68343
1.68414
1.68797
1.69237
1.69317
1.69325
1.69738
1.69744
1.70011
1.70025
1.70265
1.70317
1.70335
1.70587
1.71333
1.71416
1.71566
1.71913
1.71946
1.72119
1.72198
1.7237
1.72451
1.72607
1.72758
1.72968
1.73011
1.73234
1.73306
1.73466
1.73476
1.73496
1.73509
1.73521
1.73657
1.73695
1.73728
1.73838
1.7394
1.73996
1.74623
1.74651
1.74708
1.74853
1.74903
1.74912
1.74957
1.74967
1.74993
1.7514
1.75441
1.75498
1.75524
1.75681
1.75735
1.75991
1.76042
1.76047
1.76724
1.76759
1.76832
1.76834
1.76907
1.77033
1.77064
1.77556
1.77581
1.77614
1.77776
1.77888
1.78072
1.78085
1.78131
1.78385
1.78416
1.7846
1.78732
1.78854
1.79031
1.79091
1.79139
1.79352
1.7954
1.79568
1.79704
1.7984
1.79927
1.7995
1.80058
1.80116
1.80193
1.80335
1.80347
1.80438
1.80588
1.80632
1.811
1.81169
1.81263
1.81574
1.81697
1.81885
1.8195
1.81969
1.82594
1.82737
1.82815
1.82857
1.83009
1.83028
1.83125
1.83139
1.83365
1.83627
1.8364
1.83873
1.8389
1.8398
1.84015
1.84146
1.84337
1.84415
1.84486
1.84585
1.84778
1.84795
1.84903
1.85431
1.85436
1.8569
1.85849
1.85974
1.85992
1.86091
1.8653
1.86743
1.86743
1.86978
1.87023
1.87052
1.87251
1.8731
1.87327
1.87745
1.87831
1.87922
1.88452
1.88489
1.8852
1.88542
1.88675
1.88694
1.88939
1.89175
1.89211
1.89283
1.89652
1.89986
1.90361
1.90684
1.90863
1.90971
1.91114
1.91373
1.9169
1.91879
1.92077
1.92096
1.92146
1.92184
1.92799
1.92816
1.93049
1.93149
1.93152
1.93522
1.93563
1.93564
1.93749
1.93826
1.94059
1.9414
1.94378
1.94564
1.94582
1.946
1.94666
1.9509
1.95195
1.95316
1.9562
1.95797
1.95871
1.95872
1.95896
1.95905
1.96188
1.962
1.96245
1.96447
1.96469
1.96673
1.97061
1.97354
1.97457
1.97724
1.97766
1.97837
1.97985
1.98295
1.98336
1.98654
1.98779
1.98854
1.98857
1.99058
1.99214
1.99684
1.99902
2.00149
2.00392
2.0044
2.00468
2.00938
2.01206
2.01645
2.01659
2.01725
2.01878
2.0194
2.02019
2.02134
2.02406
2.02498
2.02575
2.02656
2.02792
2.02993
2.03235
2.03259
2.03411
2.03672
2.03768
2.03981
2.0423
2.04275
2.04738
2.04752
2.05168
2.05497
2.05544
2.06079
2.06143
2.06524
2.06652
2.07065
2.07307
2.07445
2.07885
2.0796
2.08096
2.08142
2.0815
2.08161
2.08195
2.08199
2.08313
2.08333
2.08422
2.08466
2.08489
2.09298
2.09547
2.09936
2.0998
2.10195
2.10215
2.10308
2.1031
2.10319
2.10372
2.10549
2.10622
2.10683
2.10932
2.11086
2.11277
2.11295
2.11716
2.11825
2.12123
2.12365
2.12476
2.12746
2.12767
2.13243
2.13532
2.13604
2.13785
2.14209
2.14325
2.14325
2.14449
2.14661
2.14838
2.14888
2.15212
2.15317
2.15391
2.15423
2.15556
2.15611
2.15838
2.15961
2.16973
2.16994
2.17129
2.17241
2.17292
2.17444
2.17485
2.17614
2.17628
2.17802
2.17982
2.18381
2.18481
2.18681
2.19081
2.1913
2.19231
2.19356
2.19403
2.19671
2.19824
2.20003
2.20009
2.20276
2.20477
2.20605
2.21159
2.21177
2.21182
2.21192
2.21306
2.216
2.21897
2.21909
2.22159
2.22166
2.22412
2.22504
2.22614
2.22758
2.22887
2.22923
2.23201
2.23262
2.23511
2.23562
2.23672
2.23672
2.24364
2.2453
2.24871
2.2501
2.25102
2.25286
2.25612
2.25951
2.26052
2.26146
2.26264
2.26297
2.26344
2.26886
2.27044
2.27106
2.27144
2.27472
2.27829
2.28182
2.28183
2.2823
2.28251
2.28367
2.29029
2.29053
2.29127
2.29521
2.29985
2.30002
2.3022
2.30371
2.30409
2.30415
2.30548
2.31023
2.31065
2.31201
2.31314
2.31417
2.31781
2.32248
2.32303
2.3244
2.32499
2.32743
2.32925
2.32983
2.33227
2.33266
2.33324
2.33383
2.33538
2.33586
2.33813
2.33874
2.34414
2.34507
2.34992
2.35157
2.3516
2.35721
2.35744
2.36022
2.36285
2.3629
2.36427
2.36448
2.3647
2.36646
2.36951
2.36991
2.37043
2.37049
2.37209
2.37255
2.37295
2.3783
2.37888
2.37956
2.38248
2.38283
2.38458
2.38662
2.38696
2.38698
2.38797
2.38803
2.38881
2.38914
2.39239
2.39868
2.39869
2.4001
2.40095
2.40174
2.4021
2.40767
2.40877
2.41001
2.41208
2.41365
2.41369
2.41748
2.42012
2.42059
2.42171
2.42224
2.42835
2.43277
2.43278
2.44098
2.44233
2.44466
2.449
2.44963
2.45064
2.45345
2.45405
2.45442
2.45571
2.45634
2.45652
2.4573
2.45793
2.45876
2.45902
2.46671
2.46892
2.47068
2.47109
2.47494
2.47852
2.47914
2.48073
2.48309
2.48623
2.48703
2.48833
2.48969
2.49101
2.49335
2.49384
2.50062
2.50187
2.5038
2.50473
2.50751
2.50801
2.50818
2.50833
2.50953
2.51018
2.51072
2.51365
2.5138
2.51706
2.51814
2.51944
2.52088
2.52419
2.52467
2.52585
2.52801
2.52968
2.53004
2.53266
2.53271
2.53332
2.53594
2.53622
2.54737
2.54951
2.5508
2.55089
2.55505
2.55583
2.55635
2.55778
2.55837
2.55838
2.56124
2.5625
2.56314
2.5689
2.57225
2.57439
2.57478
2.57562
2.57641
2.57879
2.57959
2.58042
2.58374
2.59124
2.59145
2.59187
2.59199
2.59244
2.59538
2.59633
2.59813
2.60007
2.60021
2.601
2.60425
2.60624
2.60732
2.6074
2.60818
2.61025
2.61093
2.61313
2.61436
2.61444
2.61515
2.61554
2.61562
2.61624
2.61653
2.61903
2.61922
2.61924
2.61999
2.62732
2.62757
2.62881
2.63008
2.63102
2.63309
2.64215
2.64246
2.64306
2.64306
2.64607
2.64755
2.64825
2.65433
2.65853
2.65914
2.65927
2.65945
2.66139
2.66269
2.663
2.66411
2.66554
2.66563
2.66657
2.66675
2.66856
2.67005
2.67057
2.67096
2.67358
2.67537
2.67563
2.67816
2.67964
2.6801
2.68021
2.68053
2.6808
2.68124
2.68199
2.68211
2.68451
2.68798
2.69206
2.69334
2.69355
2.69835
2.69983
2.70065
2.702
2.7051
2.70855
2.70885
2.70906
2.70906
2.70911
2.70927
2.71139
2.71423
2.71431
2.71462
2.71473
2.71754
2.7188
2.72103
2.72438
2.72726
2.72793
2.72915
2.73578
2.73656
2.74085
2.74198
2.74618
2.74819
2.75026
2.75051
2.75413
2.758
2.75885
2.75892
2.75897
2.75985
2.7602
2.76126
2.76184
2.76204
2.76244
2.76406
2.7657
2.76794
2.76802
2.76812
2.76912
2.77037
2.77064
2.77206
2.77588
2.77692
2.7796
2.78115
2.78452
2.78993
2.79035
2.79263
2.7936
2.79759
2.7979
2.7999
2.79998
2.80106
2.80469
2.80523
2.80572
2.80728
2.80879
2.80909
2.81044
2.811
2.81592
2.81773
2.8216
2.82251
2.82442
2.8266
2.82934
2.83337
2.83351
2.8382
2.83914
2.84116
2.8464
2.84857
2.85117
2.852
2.85455
2.85619
2.85644
2.85772
2.85912
2.86038
2.86096
2.8628
2.86296
2.86427
2.86591
2.86833
2.8686
2.86896
2.86904
2.87075
2.87364
2.87591
2.87704
2.87715
2.87761
2.87877
2.88126
2.88149
2.88449
2.88911
2.88968
2.88983
2.89904
2.89933
2.90129
2.90225
2.90282
2.90493
2.90841
2.90878
2.9088
2.91274
2.91391
2.91689
2.91767
2.91904
2.92204
2.92333
2.92762
2.92768
2.92785
2.92931
2.92991
2.93176
2.93204
2.93254
2.93678
2.94206
2.94317
2.9453
2.94702
2.94843
2.94852
2.95078
2.9553
2.95951
2.96114
2.96132
2.9614
2.9617
2.96439
2.96495
2.96647
2.96705
2.96774
2.96785
2.96878
2.96917
2.97096
2.97117
2.97143
2.97164
2.97284
2.97331
2.97433
2.97702
2.97718
2.97739
2.97806
2.98402
2.98411
2.98581
2.98612
2.98728
2.98796
2.99666
2.99823
2.9985
3.00417
3.01246
3.01332
3.01403
3.01495
3.01612
3.01721
3.01736
3.01908
3.01916
3.02077
3.02548
3.02552
3.02573
3.02665
3.02733
3.02746
3.02756
3.02853
3.03245
3.03251
3.03311
3.03527
3.03624
3.04009
3.04074
3.04177
3.04242
3.04246
3.04258
3.04977
3.05096
3.05131
3.05425
3.05542
3.05892
3.06131
3.06581
3.06674
3.06777
3.06828
3.0688
3.07316
3.07333
3.07414
3.0772
3.0797
3.08521
3.08614
3.09014
3.09251
3.09341
3.0943
3.09544
3.09683
3.0987
3.09923
3.10155
3.10827
3.11024
3.11141
3.11545
3.11592
3.11689
3.11924
3.12047
3.1274
3.12745
3.13256
3.13467
3.13503
3.13543
3.13594
3.13964
3.14126
3.14727
3.15031
3.15419
3.15434
3.15598
3.15655
3.15746
3.15747
3.15795
3.15959
3.16001
3.16105
3.16185
3.16491
3.16529
3.1653
3.16686
3.16697
3.16883
3.16935
3.16955
3.17324
3.17327
3.17366
3.17474
3.17881
3.18108
3.18109
3.18371
3.18406
3.18669
3.18673
3.18683
3.18737
3.19033
3.1926
3.19538
3.19809
3.20365
3.20861
3.20872
3.20947
3.21241
3.21305
3.21671
3.21779
3.21967
3.22077
3.22177
3.22218
3.22229
3.22439
3.22586
3.22972
3.2311
3.23164
3.23318
3.23404
3.23406
3.23647
3.23784
3.24073
3.24122
3.24277
3.24319
3.24698
3.24901
3.25301
3.25355
3.25461
3.25637
3.25683
3.262
3.26208
3.26322
3.26728
3.26764
3.27208
3.27321
3.27411
3.27428
3.27488
3.27604
3.27643
3.27912
3.27922
3.28085
3.28159
3.2821
3.28312
3.28756
3.28811
3.28818
3.28925
3.28938
3.29116
3.29217
3.29304
3.29464
3.29614
3.29861
3.2992
3.30004
3.30084
3.30197
3.30356
3.30512
3.30567
3.30579
3.31029
3.31111
3.31456
3.31543
3.31943
3.31964
3.3288
3.33239
3.33499
3.33529
3.33543
3.33602
3.33654
3.33947
3.34064
3.34475
3.34486
3.34576
3.34653
3.34677
3.34738
3.34827
3.34928
3.3528
3.35952
3.36292
3.36347
3.37043
3.37257
3.37415
3.38063
3.38136
3.38236
3.38291
3.38826
3.39056
3.39151
3.39236
3.39462
3.39519
3.39734
3.39912
3.39961
3.40154
3.40284
3.40378
3.40457
3.40776
3.40827
3.40895
3.40962
3.40985
3.41695
3.4188
3.42294
3.42404
3.42454
3.42863
3.42896
3.42942
3.43429
3.43637
3.43697
3.43825
3.44073
3.44395
3.44813
3.45171
3.45651
3.4583
3.46106
3.46187
3.46276
3.46338
3.46344
3.4668
3.46717
3.47109
3.47206
3.47295
3.47322
3.47357
3.47494
3.47815
3.48054
3.48305
3.48633
3.48735
3.49144
3.49466
3.49785
3.49888
3.49961
3.49969
3.50235
3.50251
3.50464
3.50599
3.50624
3.50651
3.5073
3.50957
3.50963
3.51098
3.51114
3.51253
3.5161
3.51732
3.51737
3.51794
3.51827
3.52109
3.52261
3.52372
3.53235
3.53371
3.53516
3.53535
3.53631
3.54283
3.54387
3.54498
3.54754
3.54876
3.54998
3.55781
3.56029
3.56047
3.5618
3.56654
3.56742
3.5684
3.57192
3.5736
3.58139
3.58691
3.58808
3.58847
3.59015
3.59033
3.59099
3.59335
3.59774
3.59915
3.60368
3.60401
3.60848
3.60972
3.61126
3.61273
3.61431
3.6181
3.61889
3.62189
3.62565
3.62571
3.6271
3.6285
3.62868
3.63118
3.63212
3.63452
3.63554
3.6391
3.6404
3.64142
3.64365
3.64403
3.64435
3.6509
3.65175
3.65228
3.65269
3.6529
3.65342
3.65523
3.6573
3.65752
3.66356
3.66461
3.67217
3.67597
3.67639
3.68575
3.694
3.70142
3.7069
3.70804
3.70838
3.70891
3.71073
3.71963
3.7248
3.72604
3.72639
3.72732
3.7305
3.73322
3.73619
3.73943
3.74138
3.74284
3.74685
3.74712
3.74779
3.74786
3.74866
3.74902
3.74903
3.74919
3.75166
3.75267
3.75568
3.75699
3.75886
3.75954
3.76029
3.76136
3.76193
3.76623
3.76776
3.7685
3.7785
3.78049
3.78406
3.78795
3.79098
3.79131
3.79278
3.79955
3.805
3.82057
3.82087
3.82416
3.82479
3.82611
3.83049
3.83147
3.83565
3.83863
3.84041
3.84125
3.8433
3.84846
3.84909
3.85158
3.85192
3.8535
3.85527
3.85831
3.85836
3.86114
3.86805
3.86818
3.87363
3.87596
3.87638
3.87807
3.88091
3.88813
3.88828
3.89413
3.89621
3.8973
3.89929
3.90154
3.90295
3.90916
3.90922
3.91742
3.91942
3.92376
3.92692
3.927
3.92765
3.93361
3.93506
3.93833
3.93864
3.9411
3.94149
3.94184
3.94288
3.95145
3.95421
3.95527
3.95759
3.96019
3.96199
3.96301
3.96457
3.96556
3.96655
3.96798
3.96897
3.9811
3.98366
3.98801
3.99033
3.99115
3.99207
3.99536
3.9962
3.9994
4.00109
4.00339
4.0038
4.00484
4.00599
4.00619
4.01092
4.01109
4.01157
4.01394
4.01473
4.01554
4.01748
4.01886
4.01987
4.0241
4.03415
4.03487
4.03509
4.03839
4.03906
4.04057
4.04169
4.04345
4.05426
4.05475
4.055
4.05966
4.06241
4.06898
4.07051
4.07145
4.07759
4.08095
4.08516
4.08622
4.08911
4.09121
4.0928
4.09621
4.09674
4.09976
4.10454
4.11111
4.11301
4.11472
4.12057
4.12345
4.12451
4.12591
4.12612
4.12696
4.1288
4.13366
4.13383
4.13818
4.1386
4.14664
4.14816
4.15024
4.15297
4.15459
4.1577
4.15986
4.16712
4.16918
4.17089
4.17392
4.17834
4.18188
4.18198
4.18616
4.18628
4.18798
4.19224
4.19667
4.19812
4.20019
4.20093
4.20187
4.2057
4.2061
4.21209
4.21261
4.216
4.21828
4.22065
4.22082
4.2234
4.2275
4.22956
4.2393
4.23931
4.23931
4.23978
4.24693
4.2475
4.24849
4.25035
4.25414
4.25857
4.25866
4.25889
4.26027
4.26129
4.28644
4.28982
4.29037
4.29911
4.30006
4.30464
4.31167
4.31597
4.31729
4.32097
4.32119
4.32578
4.32604
4.33361
4.33381
4.33673
4.33729
4.34065
4.34147
4.34387
4.34593
4.34825
4.34829
4.35158
4.3539
4.35424
4.36253
4.36517
4.36569
4.36632
4.3733
4.37599
4.37712
4.37881
4.38283
4.38427
4.3847
4.38686
4.39016
4.39066
4.39174
4.39672
4.39719
4.40073
4.40344
4.4042
4.40499
4.4088
4.40932
4.41663
4.41778
4.42051
4.4259
4.42787
4.42787
4.43227
4.43336
4.43456
4.43474
4.43757
4.43963
4.4443
4.4483
4.45129
4.45168
4.45405
4.4553
4.45575
4.45786
4.46075
4.4624
4.46514
4.46735
4.46865
4.47071
4.47163
4.47288
4.4753
4.4795
4.48249
4.49595
4.5015
4.50201
4.50366
4.50725
4.50807
4.5097
4.51462
4.51707
4.52067
4.5357
4.54591
4.55166
4.55243
4.56021
4.56302
4.56521
4.56575
4.56823
4.56992
4.57177
4.57212
4.58248
4.58364
4.5872
4.60532
4.60863
4.61085
4.61225
4.6241
4.62782
4.6365
4.63874
4.64886
4.65148
4.65254
4.65315
4.65411
4.65773
4.66056
4.66173
4.6624
4.66553
4.6685
4.66958
4.66968
4.67667
4.68039
4.68219
4.68625
4.687
4.69548
4.7078
4.71313
4.71559
4.72127
4.72274
4.72305
4.72694
4.72955
4.73116
4.73372
4.74683
4.74718
4.75482
4.75908
4.76884
4.7718
4.77797
4.77813
4.77858
4.78165
4.78636
4.7887
4.79892
4.80414
4.81065
4.81175
4.81568
4.81861
4.82186
4.82314
4.82508
4.82634
4.83543
4.83859
4.83918
4.84003
4.84245
4.84649
4.84801
4.84938
4.86356
4.86842
4.87036
4.87288
4.8742
4.87424
4.88486
4.88757
4.88909
4.89047
4.89233
4.89293
4.89743
4.90031
4.91131
4.91593
4.91945
4.91977
4.92035
4.92264
4.92945
4.93225
4.94546
4.94891
4.96462
4.96535
4.96884
4.98297
4.98412
4.98638
4.99428
4.99498
4.99746
4.9998
5.00009
5.0029
5.00584
5.00828
5.01148
5.01834
5.02353
5.02469
5.033
5.03795
5.04122
5.04493
5.04536
5.04999
5.05569
5.06
5.0674
5.06789
5.07393
5.08708
5.09211
5.09792
5.10215
5.10485
5.10735
5.1122
5.11496
5.13415
5.13547
5.13827
5.1384
5.14052
5.14122
5.14577
5.14656
5.14786
5.15009
5.15043
5.16425
5.16588
5.16618
5.16749
5.17166
5.17252
5.17518
5.18517
5.20112
5.20887
5.21075
5.21514
5.21632
5.22109
5.22827
5.23
5.23288
5.23459
5.23834
5.2389
5.2496
5.25689
5.25775
5.26001
5.26515
5.2695
5.27841
5.27965
5.28105
5.28349
5.28535
5.28628
5.28993
5.29291
5.29302
5.29405
5.29561
5.2986
5.30162
5.3034
5.30434
5.3073
5.30933
5.31551
5.31682
5.31712
5.33809
5.34045
5.34074
5.34301
5.34593
5.34601
5.34656
5.35109
5.35983
5.36156
5.36425
5.36609
5.36875
5.37857
5.37906
5.37989
5.38263
5.40039
5.40555
5.42331
5.42637
5.43567
5.43699
5.43879
5.44627
5.45193
5.45652
5.45736
5.45758
5.4579
5.45941
5.46236
5.47733
5.47787
5.48027
5.48223
5.49069
5.49172
5.49172
5.49718
5.5078
5.51007
5.51993
5.52381
5.52397
5.52991
5.53399
5.54029
5.54493
5.54574
5.55142
5.55281
5.56438
5.56781
5.56929
5.57344
5.5741
5.58381
5.59676
5.59876
5.60053
5.60346
5.62079
5.62873
5.63542
5.64235
5.64424
5.64553
5.65614
5.65623
5.65827
5.66115
5.66334
5.66597
5.66704
5.6824
5.68734
5.68759
5.68899
5.68947
5.68967
5.69115
5.69384
5.69975
5.70105
5.72826
5.73702
5.74406
5.75512
5.75692
5.76537
5.77641
5.78087
5.7933
5.8014
5.80397
5.80672
5.8104
5.81496
5.82105
5.82184
5.82531
5.82664
5.83299
5.84218
5.85046
5.86023
5.86212
5.86691
5.87401
5.89144
5.89972
5.90242
5.91068
5.9119
5.91673
5.9269
5.92836
5.92919
5.93269
5.93431
5.93854
5.94239
5.94284
5.94953
5.95041
5.9518
5.95642
5.96434
5.96976
5.97219
5.98034
5.98121
5.99714
6.01546
6.02049
6.02502
6.02948
6.02993
6.03034
6.03955
6.04224
6.04411
6.04949
6.07791
6.08873
6.09406
6.10157
6.11192
6.1166
6.12715
6.13073
6.13385
6.14263
6.15684
6.17877
6.18088
6.18658
6.18715
6.1884
6.19426
6.19653
6.19678
6.20471
6.20753
6.21222
6.21619
6.22034
6.22321
6.2275
6.23851
6.24711
6.25209
6.25276
6.25619
6.27013
6.28351
6.28396
6.29
6.30799
6.30997
6.31334
6.32077
6.32778
6.32866
6.335
6.33502
6.33895
6.34499
6.34707
6.35649
6.35683
6.37758
6.37812
6.39763
6.40545
6.40734
6.42349
6.43446
6.43537
6.45089
6.46265
6.46765
6.47141
6.51324
6.5156
6.51814
6.51948
6.5405
6.54235
6.55323
6.55432
6.55774
6.56859
6.57402
6.58796
6.58799
6.59146
6.61888
6.63492
6.63781
6.65042
6.65121
6.65657
6.65786
6.65937
6.6622
6.67234
6.67342
6.67489
6.6858
6.68585
6.6891
6.69493
6.70966
6.71196
6.71255
6.71802
6.71853
6.73509
6.74243
6.7434
6.74406
6.74582
6.74787
6.74858
6.75468
6.75791
6.7634
6.76911
6.78646
6.787
6.78799
6.80738
6.81871
6.82218
6.82735
6.82845
6.83148
6.83921
6.85024
6.8518
6.85619
6.86587
6.87755
6.88337
6.88682
6.88827
6.89119
6.90997
6.91236
6.92134
6.92346
6.92388
6.94655
6.95345
6.96157
6.98057
6.98209
7.01162
7.03673
7.04329
7.0601
7.06512
7.08669
7.10057
7.10385
7.10546
7.13421
7.14042
7.14435
7.14821
7.15216
7.15305
7.15536
7.16048
7.16074
7.16596
7.1688
7.18475
7.18596
7.18642
7.1874
7.18945
7.19037
7.19176
7.19386
7.19415
7.19429
7.20804
7.21435
7.21785
7.23635
7.23914
7.24129
7.24624
7.25188
7.26001
7.26338
7.2643
7.2658
7.27939
7.29326
7.2944
7.32524
7.32763
7.33913
7.34879
7.352
7.35383
7.39272
7.39423
7.41456
7.41896
7.4234
7.42369
7.42946
7.43965
7.44693
7.44895
7.45282
7.45626
7.45873
7.46143
7.46881
7.46976
7.47483
7.47981
7.50539
7.50667
7.51326
7.52406
7.526
7.55506
7.56874
7.58402
7.5873
7.59109
7.59192
7.59671
7.59924
7.62267
7.62907
7.62936
7.63656
7.64948
7.66089
7.68573
7.68615
7.69189
7.6979
7.70179
7.7066
7.71852
7.72221
7.7277
7.73122
7.73338
7.73705
7.74046
7.75282
7.75372
7.75466
7.76006
7.76783
7.77587
7.77754
7.78282
7.7905
7.79076
7.79487
7.7981
7.82207
7.8239
7.82598
7.82798
7.82949
7.86538
7.87147
7.87162
7.88673
7.89099
7.904
7.90533
7.9141
7.92366
7.95762
7.97035
7.98111
7.98379
7.98632
7.98955
7.99001
7.99622
8.00302
8.00447
8.01352
8.01531
8.02249
8.02284
8.0347
8.03494
8.0403
8.05546
8.07853
8.08585
8.10182
8.10504
8.1133
8.1135
8.12445
8.13262
8.15316
8.15436
8.16038
8.16459
8.16603
8.16805
8.17165
8.17304
8.17442
8.17498
8.1821
8.18639
8.187
8.18872
8.20354
8.21254
8.21276
8.22296
8.23005
8.23208
8.23642
8.24066
8.24169
8.24498
8.24529
8.25465
8.25619
8.25666
8.26764
8.26892
8.27267
8.27641
8.28456
8.29047
8.3138
8.3246
8.32883
8.33886
8.34296
8.34455
8.35825
8.35874
8.36091
8.36924
8.37811
8.38351
8.38487
8.39395
8.39635
8.40136
8.40418
8.41205
8.41815
8.42313
8.42449
8.42881
8.43323
8.4551
8.45695
8.46042
8.46305
8.46589
8.46988
8.47767
8.4787
8.48225
8.50106
8.51157
8.5141
8.51625
8.51805
8.51875
8.52661
8.52741
8.53823
8.55363
8.56016
8.57111
8.58226
8.58324
8.58712
8.60899
8.62468
8.62661
8.62738
8.64039
8.65726
8.6574
8.67017
8.68024
8.70193
8.71962
8.72341
8.73293
8.73471
8.73923
8.74306
8.75099
8.76469
8.7761
8.78032
8.78587
8.78604
8.79447
8.79615
8.80786
8.81757
8.82534
8.82783
8.83941
8.84326
8.8439
8.84758
8.85006
8.85064
8.86774
8.88236
8.88324
8.89436
8.89851
8.90109
8.90391
8.90464
8.90473
8.91655
8.92303
8.93622
8.93753
8.94554
8.95029
8.95276
8.95575
8.97936
8.98033
8.98051
8.98702
8.99579
9.0036
9.00633
9.01574
9.03349
9.04576
9.04668
9.05441
9.05782
9.05825
9.07648
9.07717
9.08526
9.08715
9.09689
9.10282
9.10477
9.10657
9.11387
9.11445
9.11466
9.11618
9.1241
9.12563
9.1276
9.13615
9.1416
9.14262
9.15946
9.16331
9.16721
9.18259
9.18303
9.18851
9.19563
9.19645
9.20186
9.20223
9.20316
9.21147
9.21875
9.21876
9.21922
9.22157
9.22216
9.23501
9.24763
9.25684
9.25724
9.27369
9.27396
9.27397
9.28819
9.29251
9.29841
9.30292
9.30941
9.3112
9.31449
9.32215
9.32621
9.33427
9.33538
9.33871
9.34243
9.34292
9.35098
9.36539
9.37056
9.3831
9.39009
9.40799
9.41041
9.41266
9.41614
9.41852
9.42181
9.42344
9.44074
9.4421
9.44416
9.45596
9.45794
9.45891
9.46628
9.46864
9.46864
9.47259
9.48688
9.50255
9.50267
9.51938
9.52363
9.52996
9.54215
9.54255
9.54433
9.55093
9.55406
9.55407
9.57547
9.57627
9.5801
9.5937
9.59488
9.60056
9.60349
9.60819
9.61675
9.62185
9.6319
9.63332
9.63432
9.65659
9.67314
9.67873
9.68059
9.68921
9.69902
9.69961
9.70066
9.70354
9.71125
9.71953
9.72595
9.7297
9.73061
9.73308
9.74221
9.74231
9.758
9.76112
9.77325
9.77354
9.77926
9.78144
9.80106
9.82128
9.82709
9.86372
9.86806
9.87018
9.88353
9.88753
9.89041
9.90708
9.91061
9.91425
9.915
9.94218
9.95946
9.96286
9.96406
9.97181
9.98124
9.98597
10.0001
10.0078
10.0083
10.0244
10.032
10.0552
10.0735
10.0885
10.1006
10.1027
10.1091
10.122
10.1225
10.126
10.1325
10.1599
10.1667
10.1742
10.1856
10.1953
10.1958
10.1959
10.1968
10.1985
10.1993
10.2005
10.2006
10.2025
10.2209
10.2244
10.2286
10.2315
10.2336
10.236
10.2366
10.2438
10.2539
10.2569
10.275
10.276
10.2886
10.2927
10.2998
10.3095
10.3157
10.3232
10.3257
10.3291
10.3346
10.3502
10.3516
10.3531
10.3556
10.3583
10.3676
10.379
10.3898
10.3904
10.397
10.4051
10.4096
10.4155
10.4235
10.4267
10.4275
10.4356
10.4357
10.452
10.4559
10.4584
10.4693
10.4742
10.4757
10.4807
10.4886
10.4891
10.4948
10.5027
10.508
10.5089
10.5227
10.5272
10.5284
10.5291
10.5293
10.5316
10.5418
10.5437
10.5526
10.5597
10.5613
10.5618
10.5821
10.5881
10.6086
10.6258
10.6395
10.6603
10.6696
10.6704
10.6728
10.6751
10.6876
10.6894
10.7003
10.7006
10.7017
10.702
10.7072
10.7092
10.7097
10.7281
10.7299
10.7511
10.7624
10.7641
10.7695
10.7728
10.7753
10.7755
10.7785
10.7825
10.7838
10.7885
10.7905
10.8098
10.8099
10.8101
10.8152
10.8245
10.8249
10.8374
10.8481
10.8655
10.8822
10.896
10.9102
10.9156
10.9268
10.9402
10.9428
10.9436
10.9468
10.9482
10.952
10.9542
10.9548
10.9617
10.9655
10.9659
10.9997
11.0041
11.0053
11.0066
11.007
11.012
11.0156
11.0167
11.0231
11.0236
11.0259
11.0313
11.0354
11.0472
11.0484
11.0666
11.0678
11.0747
11.0798
11.0829
11.0897
11.0905
11.096
11.098
11.1118
11.114
11.1201
11.1343
11.1353
11.1465
11.1517
11.152
11.1625
11.168
11.1728
11.1758
11.1875
11.1903
11.1909
11.1936
11.2015
11.2138
11.2275
11.2794
11.2905
11.3119
11.3187
11.3257
11.3356
11.3367
11.3432
11.3537
11.3542
11.3584
11.3799
11.3867
11.3872
11.3895
11.3904
11.3981
11.4049
11.4072
11.4089
11.4107
11.4249
11.4273
11.4317
11.4402
11.4427
11.451
11.4554
11.4624
11.4653
11.4987
11.5034
11.5155
11.5243
11.5263
11.5314
11.5343
11.5347
11.5367
11.5438
11.5489
11.5626
11.5648
11.5659
11.5684
11.5736
11.5823
11.5922
11.5975
11.5978
11.6033
11.6033
11.6209
11.6214
11.6511
11.6526
11.6595
11.6607
11.6692
11.673
11.6757
11.6787
11.6951
11.6967
11.6997
11.7081
11.7442
11.7618
11.7707
11.7707
11.7856
11.7859
11.817
11.8195
11.8307
11.8311
11.8349
11.8439
11.8491
11.8519
11.8567
11.8572
11.8693
11.872
11.8822
11.8848
11.8988
11.9086
11.9087
11.9239
11.9338
11.9526
11.9576
11.9592
11.9602
11.9741
11.9837
11.9847
11.989
11.9893
11.9903
11.9904
11.9908
11.9929
12.008
12.0088
12.0124
12.0172
12.0175
12.023
12.0326
12.0361
12.0392
12.0504
12.0518
12.0769
12.0776
12.084
12.0864
12.0905
12.0965
12.097
12.1027
12.1093
12.1107
12.1211
12.1265
12.1463
12.1516
12.1604
12.1632
12.1651
12.1828
12.1929
12.1959
12.1963
12.1982
12.1983
12.1998
12.2015
12.2099
12.2215
12.222
12.2232
12.2298
12.2307
12.2385
12.242
12.2437
12.2483
12.2545
12.2559
12.2563
12.2587
12.2634
12.2634
12.2637
12.2677
12.272
12.2759
12.2798
12.28
12.2855
12.286
12.2866
12.302
12.3176
12.3291
12.3299
12.3308
12.3316
12.3351
12.3481
12.3497
12.352
12.3654
12.3741
12.3875
12.3883
12.3902
12.3926
12.3962
12.425
12.4263
12.4273
12.4446
12.4485
12.4596
12.4645
12.4977
12.4994
12.5021
12.5057
12.516
12.5195
12.5259
12.5334
12.5395
12.5579
12.5639
12.5658
12.5708
12.571
12.5738
12.5855
12.5879
12.6082
12.6125
12.6257
12.6298
12.6469
12.6518
12.6587
12.6737
12.6949
12.7012
12.7034
12.7124
12.7136
12.7218
12.7276
12.7352
12.7457
12.7463
12.7468
12.7693
12.7701
12.7729
12.7804
12.7885
12.7904
12.791
12.8007
12.8021
12.8133
12.8157
12.8298
12.8433
12.8538
12.8642
12.8676
12.8759
12.8831
12.8833
12.8964
12.9038
12.9123
12.9123
12.9207
12.9207
12.9339
12.935
12.9362
12.9405
12.9439
12.9593
12.9621
12.9759
12.9813
13.0113
13.0128
13.0152
13.0259
13.0338
13.0341
13.048
13.063
13.0652
13.0665
13.0739
13.0759
13.077
13.0819
13.0824
13.0863
13.0955
13.1086
13.1113
13.1179
13.1233
13.1347
13.1362
13.1503
13.1553
13.1608
13.1657
13.1681
13.1682
13.1724
13.1725
13.1796
13.1798
13.1803
13.1929
13.2008
13.2021
13.2049
13.2153
13.2231
13.2237
13.2293
13.2332
13.2432
13.2515
13.2546
13.2661
13.2719
13.283
13.2898
13.2907
13.2959
13.3117
13.3135
13.3227
13.3244
13.326
13.3441
13.3447
13.3516
13.3604
13.3813
13.3831
13.3935
13.4027
13.4137
13.4178
13.4251
13.4371
13.4501
13.4633
13.486
13.4881
13.4931
13.4967
13.504
13.511
13.517
13.5206
13.531
13.5591
13.5659
13.5665
13.5742
13.5774
13.5785
13.5989
13.6035
13.6082
13.6096
13.6162
13.6191
13.6271
13.6348
13.638
13.642
13.6583
13.6777
13.6918
13.7089
13.7116
13.7123
13.7127
13.7159
13.7442
13.749
13.7568
13.7688
13.7692
13.7799
13.8026
13.8045
13.8222
13.8278
13.8285
13.8436
13.8542
13.8559
13.8589
13.8598
13.8608
13.8718
13.8737
13.8754
13.8785
13.8849
13.8974
13.9089
13.91
13.9107
13.9173
13.9253
13.9521
13.9614
13.9672
13.9769
13.9805
13.9896
13.9925
13.9984
13.9993
14.0026
14.0032
14.0226
14.0258
14.0278
14.0311
14.0326
14.0374
14.0382
14.0391
14.0425
14.0585
14.0591
14.0725
14.0793
14.0799
14.0873
14.0922
14.097
14.1153
14.131
14.1347
14.135
14.14
14.1417
14.1558
14.158
14.1607
14.165
14.1794
14.1887
14.1888
14.1969
14.1998
14.2009
14.2095
14.2299
14.2349
14.2375
14.263
14.2649
14.2716
14.2751
14.2765
14.2768
14.2788
14.2811
14.2825
14.2859
14.2979
14.3097
14.3125
14.321
14.3289
14.3305
14.3362
14.3363
14.3461
14.3499
14.359
14.3617
14.3628
14.366
14.3718
14.3838
14.3885
14.3999
14.4041
14.4076
14.4125
14.4189
14.4316
14.4319
14.436
14.4371
14.4384
14.4404
14.4514
14.4595
14.4637
14.4651
14.469
14.4706
14.4721
14.477
14.4795
14.4871
14.4897
14.4936
14.4955
14.4968
14.5117
14.5167
14.5237
14.5275
14.5321
14.5555
14.5601
14.5602
14.5622
14.5715
14.5771
14.5794
14.5816
14.5974
14.6079
14.6223
14.627
14.6349
14.6548
14.6611
14.6741
14.676
14.6767
14.6844
14.7353
14.7416
14.7444
14.7459
14.7506
14.7577
14.7596
14.7675
14.7768
14.7835
14.7892
14.7908
14.7914
14.8003
14.8069
14.8105
14.8114
14.8177
14.8197
14.8315
14.8445
14.8465
14.8532
14.8623
14.863
14.8739
14.883
14.9309
14.9333
14.9343
14.9357
14.9361
14.9368
14.9417
14.9446
14.9627
14.9689
14.9741
14.9757
14.9776
14.9854
14.9864
14.9967
14.9983
15.0035
15.009
15.0093
15.0133
15.0133
15.0239
15.0276
15.028
15.0325
15.0327
15.0356
15.037
15.04
15.0423
15.0426
15.0456
15.0459
15.0476
15.0525
15.0544
15.0598
15.0628
15.0654
15.0706
15.0711
15.0803
15.088
15.0913
15.097
15.1042
15.1085
15.1344
15.1418
15.1459
15.1611
15.1628
15.1854
15.1901
15.1976
15.2064
15.2111
15.236
15.2472
15.248
15.2715
15.2781
15.2795
15.2809
15.2859
15.2878
15.2892
15.2956
15.3068
15.307
15.3072
15.3086
15.3215
15.3282
15.3356
15.3413
15.3522
15.3607
15.3648
15.365
15.369
15.4036
15.4089
15.4243
15.4582
15.4608
15.4648
15.4746
15.4915
15.5072
15.52
15.5253
15.5257
15.5285
15.5444
15.552
15.5549
15.5594
15.5663
15.5676
15.5699
15.5736
15.5785
15.5913
15.5949
15.6018
15.6046
15.6058
15.6087
15.6096
15.6155
15.6248
15.6292
15.6298
15.6328
15.6477
15.6672
15.6811
15.712
15.7134
15.7142
15.7149
15.7283
15.7307
15.7342
15.7434
15.7454
15.7473
15.7504
15.7529
15.7624
15.7856
15.7906
15.8137
15.8153
15.8386
15.8489
15.8509
15.8688
15.8702
15.8758
15.8869
15.8957
15.8989
15.9048
15.905
15.9091
15.9297
15.9317
15.9339
15.9423
15.9489
15.9493
15.9553
15.9595
15.9665
15.9702
15.9711
15.9736
15.9834
15.9852
15.986
15.9862
15.9865
15.9893
15.9937
15.9942
15.9943
16.002
16.0047
16.0135
16.0146
16.0186
16.0232
16.0244
16.0367
16.0519
16.0533
16.0584
16.0717
16.078
16.0902
16.1016
16.1071
16.1101
16.1126
16.1216
16.1305
16.1445
16.151
16.1626
16.1653
16.1654
16.1688
16.1742
16.175
16.1871
16.1882
16.1913
16.1923
16.1927
16.2079
16.2111
16.2155
16.2198
16.2342
16.2386
16.2749
16.2766
16.2819
16.2914
16.2917
16.2953
16.3024
16.3033
16.314
16.3262
16.3273
16.3275
16.33
16.3385
16.3398
16.3441
16.3529
16.3704
16.3812
16.3905
16.3953
16.3954
16.4068
16.4103
16.4124
16.4126
16.4208
16.425
16.4269
16.4269
16.4282
16.4375
16.4451
16.4476
16.4482
16.4597
16.47
16.4771
16.478
16.4921
16.5004
16.5031
16.5107
16.5124
16.5183
16.5581
16.5599
16.5658
16.5664
16.576
16.576
16.5882
16.5924
16.5959
16.5965
16.5973
16.6102
16.6129
16.6211
16.6232
16.6329
16.6332
16.6339
16.6498
16.6585
16.6587
16.671
16.6742
16.6787
16.6858
16.6915
16.7035
16.7035
16.7163
16.7203
16.7305
16.7317
16.7366
16.7393
16.742
16.7744
16.7768
16.7859
16.7907
16.8029
16.8046
16.8111
16.8156
16.8161
16.8165
16.8227
16.836
16.8423
16.8441
16.8555
16.8644
16.8731
16.8745
16.8752
16.8923
16.8938
16.8954
16.8958
16.8984
16.9045
16.914
16.9172
16.9287
16.9289
16.9348
16.9446
16.9452
16.9489
16.9566
16.9568
16.9622
16.9756
16.9917
16.9964
17.0129
17.0152
17.0161
17.0359
17.048
17.0494
17.0532
17.0686
17.0841
17.0875
17.091
17.0921
17.0997
17.1025
17.1047
17.1169
17.136
17.1385
17.1386
17.1475
17.1481
17.1484
17.1503
17.159
17.1633
17.1918
17.1994
17.2008
17.2055
17.2246
17.2655
17.2709
17.2715
17.2721
17.281
17.2845
17.2855
17.2994
17.312
17.3226
17.3315
17.3327
17.3352
17.353
17.3535
17.3628
17.3639
17.3677
17.3721
17.3789
17.38
17.38
17.387
17.3887
17.39
17.3982
17.413
17.4161
17.4197
17.4481
17.4681
17.4739
17.4771
17.4842
17.4954
17.5149
17.5233
17.5262
17.5263
17.528
17.5291
17.5299
17.5384
17.5386
17.5493
17.5553
17.5561
17.5702
17.5885
17.6112
17.6121
17.6309
17.6338
17.6592
17.6609
17.6763
17.6785
17.6813
17.699
17.7093
17.7126
17.7131
17.7358
17.7384
17.7429
17.7564
17.7641
17.7654
17.7685
17.7687
17.7777
17.806
17.8106
17.8168
17.8322
17.8339
17.8364
17.8414
17.8466
17.8498
17.8512
17.853
17.8651
17.8847
17.8854
17.8871
17.8895
17.8962
17.9012
17.9025
17.9109
17.9501
17.961
17.968
17.9688
17.9773
17.9783
17.9906
17.9908
18.0041
18.0054
18.0085
18.0173
18.0178
18.02
18.0275
18.0459
18.0503
18.0504
18.0621
18.0632
18.0642
18.0767
18.0777
18.0865
18.0885
18.1015
18.1031
18.1109
18.1147
18.121
18.124
18.1316
18.1341
18.1361
18.1379
18.1387
18.1525
18.1579
18.1629
18.1635
18.1874
18.1887
18.1934
18.2087
18.2256
18.2372
18.2412
18.2619
18.2648
18.2802
18.314
18.3187
18.3258
18.3324
18.3412
18.3432
18.3442
18.354
18.3543
18.3791
18.383
18.3877
18.3937
18.3946
18.3998
18.4077
18.4114
18.4193
18.4213
18.4271
18.4434
18.4508
18.4672
18.4691
18.4695
18.4708
18.4938
18.4966
18.4974
18.4988
18.5143
18.5159
18.5246
18.5271
18.5337
18.5446
18.5497
18.5526
18.556
18.5627
18.5652
18.5777
18.5784
18.5924
18.5966
18.6231
18.6345
18.6368
18.6493
18.6566
18.6602
18.6715
18.6729
18.7198
18.7199
18.7237
18.7379
18.7393
18.7507
18.752
18.7737
18.7764
18.7783
18.808
18.8228
18.8239
18.8248
18.8299
18.8574
18.8583
18.863
18.8643
18.8658
18.875
18.8786
18.8815
18.8909
18.9246
18.9362
18.939
18.9402
18.9455
18.9508
18.965
18.9768
18.9809
18.9835
18.9854
18.9877
18.9884
18.9964
19.0005
19.0074
19.0126
19.0206
19.0244
19.0344
19.0403
19.0726
19.0741
19.0763
19.0788
19.0837
19.0896
19.0936
19.0957
19.1049
19.1173
19.1205
19.122
19.1293
19.132
19.1341
19.1391
19.1451
19.1463
19.1542
19.1544
19.1572
19.1645
19.1733
19.1849
19.1927
19.1954
19.1976
19.2019
19.212
19.2124
19.2184
19.2304
19.2307
19.2323
19.2441
19.2638
19.2695
19.2772
19.2777
19.2806
19.2913
19.2942
19.2965
19.3072
19.3074
19.3095
19.3157
19.3281
19.3485
19.3551
19.3557
19.3584
19.359
19.392
19.4134
19.417
19.4302
19.4312
19.4346
19.4391
19.4451
19.4462
19.4526
19.4715
19.4794
19.4844
19.4907
19.4914
19.4943
19.5068
19.5089
19.5122
19.5178
19.5262
19.5274
19.5323
19.541
19.5495
19.5514
19.5575
19.5604
19.5656
19.5688
19.5819
19.6009
19.6067
19.6127
19.6157
19.6203
19.6325
19.6419
19.6514
19.6735
19.6953
19.7177
19.7184
19.7231
19.7259
19.7321
19.738
19.7414
19.7569
19.7606
19.7618
19.7646
19.7652
19.7653
19.769
19.774
19.7819
19.7837
19.7985
19.8047
19.8051
19.8082
19.8201
19.8347
19.8703
19.8754
19.8772
19.886
19.8949
19.8968
19.9252
19.9276
19.9336
19.9343
19.9594
19.9625
19.9628
19.9635
19.9656
19.9671
19.9723
19.9762
19.9794
19.9853
19.9991
20.0045
20.0149
20.0153
20.0164
20.0203
20.0216
20.0337
20.0373
20.0386
20.0505
20.0534
20.0541
20.0696
20.0717
20.0936
20.0949
20.095
20.0965
20.0975
20.0989
20.1165
20.117
20.1251
20.1446
20.1458
20.1472
20.1497
20.1612
20.1661
20.171
20.1765
20.1806
20.189
20.1903
20.1969
20.1972
20.1983
20.2046
20.232
20.2392
20.253
20.27
20.2811
20.2846
20.2859
20.2862
20.2881
20.2904
20.2921
20.3062
20.3141
20.3233
20.3272
20.3498
20.3505
20.3523
20.3762
20.3859
20.4079
20.4116
20.4264
20.4307
20.4326
20.4348
20.4433
20.4441
20.4468
20.4525
20.4555
20.4568
20.4809
20.4814
20.4872
20.4874
20.4949
20.4963
20.5027
20.5047
20.5309
20.5376
20.5464
20.5534
20.5676
20.5717
20.5759
20.5891
20.5921
20.5936
20.5983
20.6341
20.6357
20.6366
20.6416
20.6531
20.6533
20.6536
20.6538
20.67
20.6728
20.6884
20.7089
20.714
20.7146
20.7233
20.7285
20.7533
20.7702
20.7725
20.7805
20.7971
20.7978
20.8094
20.8153
20.8211
20.8343
20.8363
20.8557
20.8577
20.8895
20.9118
20.9205
20.9302
20.9321
20.9335
20.9614
20.9638
20.9832
20.9851
20.9871
20.998
21.0048
21.0133
21.0158
21.0241
21.0293
21.0504
21.0542
21.1053
21.1146
21.1254
21.1386
21.1483
21.1485
21.1503
21.1597
21.178
21.1898
21.2014
21.2021
21.2183
21.2507
21.2689
21.2854
21.3043
21.3206
21.3294
21.3344
21.349
21.35
21.3511
21.3714
21.3723
21.3846
21.3918
21.398
21.4024
21.4189
21.4218
21.4255
21.4315
21.4472
21.4473
21.4479
21.4491
21.4515
21.4517
21.4525
21.4667
21.4726
21.4729
21.4862
21.489
21.5035
21.5047
21.5067
21.5105
21.5328
21.5443
21.5698
21.5756
21.5848
21.5881
21.6034
21.6194
21.6225
21.6289
21.6384
21.6497
21.6511
21.6563
21.6601
21.6631
21.6721
21.6763
21.6852
21.6894
21.694
21.6985
21.6992
21.6996
21.7006
21.7085
21.7156
21.725
21.7253
21.7427
21.7432
21.7482
21.7567
21.7609
21.7707
21.776
21.7884
21.7914
21.7976
21.8081
21.8128
21.8135
21.8197
21.8333
21.8525
21.8575
21.8585
21.8598
21.8696
21.8796
21.8859
21.897
21.8971
21.9127
21.9246
21.9327
21.9364
21.9388
21.9526
21.9621
21.964
21.9659
21.9689
21.981
22.0023
22.003
22.0042
22.0187
22.0279
22.0284
22.0331
22.0339
22.0426
22.0593
22.0639
22.0698
22.0737
22.0769
22.0932
22.0934
22.1069
22.1209
22.1215
22.1282
22.1661
22.1725
22.1747
22.1759
22.1795
22.1844
22.1853
22.1858
22.2049
22.206
22.2154
22.2321
22.2363
22.2455
22.2534
22.2661
22.2707
22.277
22.2945
22.2955
22.2956
22.3065
22.3192
22.3285
22.3459
22.348
22.352
22.3643
22.3669
22.3711
22.3816
22.394
22.4006
22.4316
22.4331
22.4477
22.4533
22.4555
22.4736
22.4829
22.4833
22.4882
22.4936
22.4941
22.4991
22.5015
22.5188
22.5204
22.5266
22.5284
22.5392
22.5483
22.5537
22.5579
22.5611
22.5625
22.5771
22.5827
22.5939
22.5944
22.5955
22.6181
22.6247
22.6317
22.6324
22.6325
22.6383
22.6498
22.6741
22.6797
22.6824
22.6946
22.6947
22.7008
22.7018
22.7112
22.7164
22.7487
22.7566
22.762
22.7806
22.7856
22.8077
22.8202
22.827
22.828
22.831
22.8317
22.8453
22.8465
22.8648
22.867
22.8756
22.8866
22.8933
22.8958
22.898
22.8991
22.9055
22.9083
22.9118
22.918
22.9355
22.9451
22.9536
22.956
22.9699
22.9758
22.9817
22.9869
22.9925
22.9984
22.9987
23.0083
23.0111
23.0288
23.0305
23.0353
23.0413
23.0597
23.0616
23.0767
23.0864
23.0886
23.0892
23.1012
23.1046
23.1049
23.1059
23.124
23.1243
23.1364
23.154
23.1781
23.1793
23.193
23.1974
23.2
23.2076
23.2116
23.2129
23.2178
23.219
23.2198
23.2356
23.238
23.2415
23.2421
23.2477
23.2633
23.2838
23.2865
23.2896
23.2952
23.3282
23.3613
23.3884
23.3885
23.3907
23.3958
23.405
23.4124
23.4225
23.4227
23.4651
23.4719
23.4741
23.4803
23.484
23.4866
23.4951
23.5016
23.5139
23.5217
23.5322
23.541
23.5615
23.5702
23.5887
23.5907
23.5951
23.608
23.6188
23.619
23.6269
23.6272
23.6364
23.6453
23.6491
23.6949
23.7058
23.7213
23.7324
23.7369
23.7415
23.7458
23.7764
23.7767
23.7894
23.7912
23.7973
23.8123
23.8138
23.8192
23.8209
23.8215
23.829
23.8469
23.852
23.8554
23.8594
23.8609
23.8645
23.8676
23.8703
23.8724
23.8755
23.8964
23.9023
23.9063
23.911
23.9125
23.9184
23.9604
23.9654
23.9697
23.9889
23.993
24.0181
24.0327
24.0395
24.0403
24.0423
24.0425
24.0588
24.0608
24.0618
24.0648
24.0678
24.0726
24.0812
24.1103
24.1108
24.1109
24.1261
24.127
24.1427
24.1618
24.1706
24.178
24.1832
24.1862
24.2146
24.2178
24.2322
24.2332
24.2359
24.2398
24.2559
24.2601
24.2617
24.2673
24.2692
24.2725
24.2783
24.2796
24.2976
24.2998
24.3277
24.3384
24.3386
24.34
24.3445
24.353
24.3672
24.3809
24.3848
24.3882
24.4005
24.4604
24.463
24.4653
24.4726
24.4757
24.4839
24.5142
24.5164
24.5181
24.5291
24.5315
24.5447
24.5551
24.5646
24.5662
24.5683
24.5697
24.5737
24.588
24.5933
24.5941
24.5992
24.6058
24.6114
24.6196
24.6209
24.6335
24.6393
24.6414
24.6452
24.6478
24.6608
24.6666
24.6693
24.6704
24.6789
24.6819
24.7052
24.7074
24.7091
24.7215
24.7357
24.7442
24.7537
24.7553
24.7553
24.7583
24.7602
24.7731
24.7771
24.7808
24.7827
24.7949
24.7998
24.8008
24.8031
24.807
24.8235
24.8327
24.8594
24.8647
24.8695
24.875
24.8824
24.8867
24.8923
24.9044
24.922
24.9248
24.9715
24.981
24.9854
25.001
25.0087
25.029
25.029
25.038
25.0417
25.0418
25.0542
25.0556
25.0596
25.0685
25.0806
25.0928
25.1073
25.1215
25.1329
25.1341
25.1388
25.1401
25.1502
25.1653
25.1848
25.1867
25.2131
25.2229
25.2254
25.2335
25.2366
25.2584
25.2613
25.268
25.2774
25.288
25.2965
25.2989
25.3078
25.3271
25.3303
25.335
25.3614
25.3684
25.3733
25.3892
25.3893
25.3919
25.4208
25.4246
25.428
25.447
25.4775
25.4921
25.5072
25.5263
25.5451
25.5485
25.5621
25.5624
25.5748
25.5875
25.5999
25.6153
25.6214
25.643
25.6459
25.6652
25.6701
25.6806
25.6813
25.6926
25.6938
25.7042
25.7097
25.7139
25.7154
25.728
25.7301
25.7409
25.7441
25.7717
25.7745
25.775
25.7759
25.7762
25.7777
25.7893
25.7904
25.7984
25.8031
25.8083
25.8113
25.8126
25.8305
25.8361
25.8401
25.8413
25.8428
25.8477
25.85
25.8504
25.8627
25.8763
25.8962
25.8963
25.9015
25.9052
25.9134
25.9144
25.9235
25.9366
25.9378
25.9392
25.9519
25.9678
25.9691
25.9712
25.9737
25.9808
25.9879
25.9887
25.9904
25.9914
25.9979
26.0047
26.0216
26.0244
26.034
26.037
26.042
26.0482
26.0523
26.0799
26.0907
26.0983
26.0998
26.1279
26.1304
26.1427
26.1562
26.1769
26.184
26.1908
26.2014
26.2069
26.2155
26.2416
26.242
26.2618
26.2629
26.2835
26.2869
26.2893
26.326
26.3265
26.3346
26.338
26.3461
26.354
26.356
26.3674
26.3706
26.3712
26.3737
26.3749
26.3915
26.3967
26.3996
26.4028
26.4128
26.4305
26.4335
26.4378
26.4454
26.4665
26.4687
26.481
26.4845
26.4906
26.4944
26.4947
26.5138
26.5206
26.5243
26.5257
26.5354
26.5386
26.5526
26.5602
26.5636
26.5739
26.5789
26.5833
26.6099
26.619
26.6403
26.6594
26.6849
26.6852
26.6869
26.69
26.6974
26.7061
26.7134
26.7429
26.7558
26.7717
26.7783
26.7787
26.7822
26.7971
26.7979
26.808
26.8195
26.852
26.8622
26.8839
26.8871
26.8952
26.9008
26.9113
26.9131
26.9147
26.9179
26.92
26.9293
26.9353
26.9364
26.9404
26.9531
26.9626
26.9673
26.97
26.9905
26.9968
26.9991
27.0031
27.0157
27.0185
27.019
27.0206
27.023
27.0355
27.0609
27.072
27.0855
27.0902
27.0909
27.0915
27.1124
27.1272
27.1539
27.1581
27.1615
27.1665
27.1734
27.1744
27.176
27.1782
27.1851
27.2193
27.2306
27.2361
27.2548
27.265
27.2712
27.2757
27.2853
27.3144
27.337
27.3385
27.3415
27.3482
27.355
27.366
27.3803
27.3839
27.3912
27.4019
27.402
27.4298
27.4353
27.4353
27.4544
27.4586
27.4748
27.4766
27.4918
27.4952
27.5014
27.5119
27.5289
27.5332
27.534
27.5343
27.5477
27.5646
27.5661
27.5709
27.5787
27.5869
27.5876
27.5888
27.5896
27.5921
27.6007
27.6044
27.6157
27.6227
27.6277
27.6331
27.6372
27.6471
27.6541
27.6689
27.674
27.6907
27.6966
27.7031
27.7153
27.721
27.7253
27.7366
27.7541
27.7571
27.7573
27.7717
27.7768
27.7823
27.7874
27.7898
27.7944
27.7975
27.8078
27.8096
27.8129
27.8214
27.8241
27.8298
27.832
27.84
27.8501
27.8698
27.8711
27.8804
27.8813
27.886
27.887
27.8888
27.8899
27.8902
27.8944
27.8947
27.9033
27.9099
27.9125
27.9155
27.9211
27.9358
27.9362
27.9504
27.9523
27.9543
27.9654
27.978
28.0102
28.0241
28.0368
28.0903
28.0912
28.1028
28.1244
28.1404
28.1558
28.1626
28.1644
28.1699
28.1708
28.1735
28.1763
28.1816
28.1905
28.1951
28.2157
28.2572
28.2586
28.2682
28.2772
28.2852
28.303
28.3165
28.3221
28.3319
28.336
28.342
28.3437
28.3476
28.3564
28.3566
28.3597
28.3604
28.3659
28.3856
28.3874
28.392
28.3936
28.3982
28.4003
28.404
28.4061
28.4107
28.4168
28.4204
28.4823
28.4919
28.5002
28.5011
28.5078
28.5173
28.5175
28.519
28.5294
28.5375
28.5528
28.5609
28.5669
28.5676
28.5689
28.5722
28.5779
28.5792
28.5879
28.5881
28.6085
28.6107
28.6168
28.6243
28.6395
28.6489
28.651
28.6526
28.6556
28.6559
28.6574
28.6672
28.6697
28.6991
28.7087
28.7089
28.7097
28.7106
28.729
28.7494
28.7657
28.7709
28.7724
28.7807
28.7951
28.7951
28.8041
28.8075
28.8084
28.8116
28.8137
28.8196
28.821
28.823
28.8448
28.8623
28.8648
28.8714
28.8716
28.8725
28.8817
28.906
28.9444
28.9457
28.9501
28.9581
28.9608
28.9626
28.9627
28.9725
29.0016
29.0195
29.0221
29.0258
29.044
29.0595
29.0632
29.0697
29.0735
29.1027
29.1171
29.1283
29.13
29.1373
29.15
29.151
29.151
29.1626
29.1726
29.1804
29.1843
29.2004
29.2171
29.226
29.2475
29.251
29.2597
29.2614
29.2629
29.2786
29.2792
29.286
29.2889
29.3066
29.3081
29.3124
29.3329
29.3486
29.3573
29.3716
29.3774
29.3784
29.3794
29.3881
29.3941
29.4049
29.4124
29.4232
29.4336
29.435
29.4401
29.4421
29.4476
29.4643
29.4797
29.4935
29.4986
29.4997
29.507
29.5106
29.5381
29.5432
29.5764
29.5776
29.5983
29.5986
29.6021
29.6207
29.6231
29.6238
29.6239
29.6247
29.6256
29.6311
29.6328
29.6421
29.6486
29.6851
29.7105
29.7148
29.7205
29.7619
29.7635
29.7667
29.7753
29.8132
29.8453
29.8549
29.856
29.8724
29.8739
29.877
29.8843
29.8849
29.8952
29.8975
29.911
29.9157
29.9159
29.9246
29.9253
29.9259
29.9356
29.9362
29.9409
29.9425
29.9449
29.9471
29.966
29.967
29.9972
30.0449
30.0595
30.0636
30.0684
30.0693
30.0814
30.0885
30.0896
30.0963
30.0988
30.1058
30.1074
30.1165
30.1166
30.1345
30.1439
30.145
30.1513
30.1932
30.214
30.2306
30.2409
30.2718
30.2751
30.3072
30.3352
30.3388
30.3535
30.3563
30.3666
30.3801
30.4007
30.4212
30.4219
30.4246
30.4384
30.4542
30.4609
30.4906
30.5043
30.538
30.5447
30.5565
30.563
30.5697
30.5825
30.5955
30.6015
30.6208
30.6221
30.6357
30.6386
30.6495
30.6729
30.6746
30.6831
30.686
30.7235
30.7243
30.7256
30.7281
30.7346
30.7485
30.7549
30.7549
30.7612
30.772
30.7763
30.7881
30.7985
30.8266
30.831
30.8404
30.8581
30.8757
30.8849
30.8937
30.9222
30.9263
30.9315
30.9334
30.9438
30.9494
30.9535
30.973
30.9732
30.9869
31.0152
31.0205
31.0335
31.0383
31.0523
31.0548
31.0689
31.1002
31.1049
31.1121
31.1212
31.1287
31.1311
31.1328
31.1372
31.1492
31.1538
31.1593
31.1649
31.1693
31.1701
31.1745
31.1893
31.2342
31.242
31.2514
31.2664
31.2722
31.2732
31.274
31.2897
31.3008
31.3018
31.3019
31.3042
31.3183
31.3184
31.3429
31.3546
31.3616
31.3635
31.3719
31.3899
31.4133
31.4133
31.4311
31.4329
31.4557
31.4723
31.4728
31.475
31.4753
31.4755
31.4834
31.4861
31.4919
31.4931
31.506
31.5218
31.5308
31.5342
31.5401
31.5475
31.5512
31.5866
31.5987
31.603
31.6178
31.6237
31.6246
31.6333
31.6365
31.6547
31.6616
31.6804
31.6966
31.7103
31.718
31.7282
31.7387
31.7801
31.7896
31.8293
31.8447
31.8565
31.8624
31.8649
31.8965
31.9096
31.91
31.9365
31.9384
31.9648
31.9759
31.9789
31.9952
32.003
32.0082
32.015
32.017
32.0191
32.0337
32.0416
32.0432
32.0465
32.0561
32.1178
32.1226
32.1355
32.1402
32.1489
32.1726
32.1896
32.1949
32.1972
32.2091
32.2166
32.218
32.2187
32.2388
32.2417
32.276
32.2785
32.2803
32.283
32.2947
32.2994
32.3044
32.3123
32.3417
32.3432
32.3551
32.3609
32.3936
32.4163
32.4165
32.4374
32.4466
32.4735
32.4962
32.4967
32.4979
32.5006
32.5111
32.5237
32.5371
32.5479
32.5553
32.5583
32.5594
32.5613
32.5717
32.5719
32.5745
32.5754
32.5761
32.5824
32.5871
32.622
32.6241
32.6242
32.6294
32.6488
32.6638
32.6709
32.6818
32.6896
32.691
32.6953
32.7198
32.728
32.7333
32.7358
32.7426
32.747
32.749
32.7635
32.7687
32.7738
32.8004
32.8047
32.8251
32.8359
32.8564
32.8673
32.8713
32.8721
32.8794
32.8837
32.89
32.9102
32.9235
32.9342
32.9519
32.9677
32.9683
32.979
32.982
33.0103
33.0115
33.0225
33.0396
33.0418
33.0506
33.0665
33.0702
33.0724
33.0846
33.0876
33.0882
33.0899
33.0922
33.0979
33.1183
33.1496
33.1541
33.1655
33.1667
33.1971
33.2006
33.2026
33.2175
33.2375
33.2381
33.2814
33.2889
33.2967
33.3048
33.3072
33.3081
33.3305
33.3311
33.3399
33.3462
33.3602
33.3633
33.3641
33.3745
33.3814
33.3833
33.3982
33.4031
33.4099
33.4104
33.4278
33.4331
33.4455
33.4592
33.4823
33.4913
33.4927
33.5206
33.5209
33.5348
33.5466
33.5589
33.5727
33.5741
33.5982
33.6046
33.6053
33.6101
33.615
33.6188
33.6188
33.6188
33.6318
33.632
33.6343
33.6352
33.6518
33.6619
33.6707
33.6742
33.6842
33.7159
33.7253
33.7612
33.7657
33.7672
33.7686
33.7744
33.8301
33.8315
33.8345
33.8548
33.8705
33.8737
33.8824
33.8907
33.8971
33.9044
33.9083
33.9179
33.9228
33.929
33.9445
33.9506
33.9532
33.958
33.9595
33.9676
33.9737
33.9815
33.9854
33.9868
33.988
34.0046
34.028
34.0352
34.0354
34.0528
34.0603
34.0741
34.1304
34.1433
34.2005
34.2186
34.2414
34.2535
34.2735
34.2978
34.3108
34.3225
34.3248
34.3427
34.3447
34.3505
34.3535
34.3666
34.3711
34.3886
34.4038
34.4069
34.4422
34.4467
34.4812
34.5009
34.5056
34.5061
34.5341
34.5776
34.5995
34.6037
34.6173
34.6195
34.6318
34.638
34.6457
34.6469
34.6497
34.6597
34.6691
34.6703
34.673
34.6731
34.6881
34.6919
34.71
34.714
34.7197
34.72
34.7208
34.7217
34.7408
34.7673
34.7772
34.801
34.8356
34.8409
34.8616
34.8764
34.8999
34.9096
34.9157
34.9225
34.9479
34.9697
34.9875
34.9998
34.9999
35.0038
35.0206
35.0304
35.0328
35.0615
35.0648
35.0679
35.0763
35.0978
35.1207
35.1462
35.1512
35.1715
35.1908
35.1974
35.2106
35.2177
35.2225
35.2264
35.23
35.2334
35.2344
35.2389
35.2432
35.2607
35.2623
35.2631
35.267
35.2681
35.2711
35.2731
35.303
35.3061
35.3248
35.3353
35.338
35.3465
35.3497
35.3715
35.3816
35.3858
35.4008
35.4183
35.4257
35.4354
35.4444
35.4867
35.4873
35.4873
35.4942
35.5503
35.5689
35.5822
35.5892
35.6486
35.6511
35.6623
35.7018
35.7148
35.7907
35.8106
35.8116
35.819
35.8319
35.8331
35.8382
35.8415
35.8713
35.8791
35.923
35.9336
35.9344
35.9486
35.9507
35.9635
35.9761
35.9956
36.007
36.0109
36.0265
36.0273
36.0334
36.088
36.0917
36.1175
36.1196
36.1329
36.1349
36.1461
36.1645
36.1742
36.1773
36.1904
36.205
36.216
36.2363
36.239
36.2452
36.2856
36.2865
36.3163
36.3195
36.3357
36.336
36.3438
36.3769
36.3952
36.4045
36.4214
36.4344
36.4407
36.4552
36.4622
36.4913
36.4945
36.5067
36.5072
36.5151
36.5329
36.5391
36.5412
36.5561
36.5568
36.5586
36.5672
36.5856
36.5883
36.6031
36.6147
36.6231
36.64
36.6432
36.7021
36.7155
36.726
36.7721
36.7767
36.7962
36.8074
36.8235
36.8379
36.8393
36.8771
36.8875
36.8904
36.9312
36.944
36.9539
36.9628
36.9795
36.9879
37.0178
37.0261
37.0293
37.0631
37.0672
37.073
37.0765
37.079
37.0793
37.0793
37.0863
37.0958
37.1154
37.1169
37.1805
37.1814
37.1907
37.1945
37.2358
37.2583
37.2659
37.2998
37.318
37.3269
37.3419
37.3484
37.3662
37.3783
37.4068
37.4072
37.423
37.4485
37.5036
37.5075
37.5474
37.5654
37.5804
37.5864
37.5907
37.5933
37.643
37.6571
37.6601
37.6814
37.6832
37.6887
37.6921
37.6952
37.7106
37.7363
37.7446
37.7677
37.7891
37.7911
37.7958
37.803
37.8365
37.8453
37.8523
37.8547
37.855
37.8584
37.8669
37.8801
37.9411
37.9434
37.9583
37.9712
37.9741
37.9926
37.9963
37.9983
38.004
38.0057
38.0205
38.0244
38.0282
38.0356
38.0655
38.0924
38.0998
38.1144
38.1233
38.1344
38.1362
38.1631
38.1815
38.1865
38.1922
38.1963
38.2106
38.2134
38.2468
38.2872
38.3136
38.3227
38.3395
38.3416
38.3588
38.3638
38.385
38.3855
38.3937
38.394
38.3943
38.4138
38.4439
38.4504
38.4581
38.478
38.501
38.5382
38.5449
38.5541
38.5559
38.5981
38.6004
38.6187
38.6192
38.6316
38.6331
38.6388
38.6552
38.657
38.6585
38.6634
38.6661
38.696
38.7181
38.7262
38.7295
38.7551
38.7616
38.7855
38.792
38.8487
38.932
38.9363
38.9382
38.9435
38.9546
38.9673
38.9753
38.9754
38.98
38.9802
38.995
39.0339
39.0363
39.0675
39.0755
39.0799
39.0835
39.0865
39.1351
39.1584
39.164
39.1658
39.1807
39.1849
39.1909
39.2027
39.2503
39.2661
39.2738
39.2752
39.2823
39.3133
39.3323
39.3384
39.3596
39.3601
39.3992
39.4208
39.4265
39.438
39.4457
39.488
39.5387
39.5438
39.5636
39.5929
39.5946
39.6361
39.6398
39.6563
39.6589
39.662
39.6861
39.7201
39.7291
39.7611
39.767
39.7713
39.7726
39.8518
39.8625
39.8828
39.9293
39.9535
39.9682
39.9952
40.0052
40.0302
40.0536
40.063
40.0789
40.0814
40.0896
40.1238
40.1239
40.1463
40.1883
40.1975
40.2089
40.2152
40.2465
40.2504
40.2779
40.2866
40.2928
40.2976
40.3206
40.383
40.3852
40.3875
40.4304
40.4393
40.4492
40.467
40.4851
40.4907
40.5127
40.5172
40.5297
40.5562
40.5666
40.6013
40.6166
40.6596
40.6645
40.667
40.6973
40.7049
40.734
40.7584
40.7663
40.7931
40.8
40.8024
40.8095
40.8395
40.8661
40.8718
40.8735
40.8819
40.8864
40.9036
40.9064
40.9085
40.9277
40.9487
40.9488
40.9619
41.0412
41.0514
41.0836
41.0899
41.1036
41.1122
41.1254
41.2311
41.2788
41.3324
41.3447
41.351
41.3516
41.3609
41.372
41.3766
41.3797
41.3985
41.4273
41.4365
41.4401
41.4521
41.4821
41.4896
41.5237
41.5335
41.5411
41.5729
41.606
41.6291
41.6422
41.6623
41.6633
41.6905
41.6956
41.7042
41.7076
41.7172
41.7577
41.7685
41.8046
41.8094
41.8101
41.8271
41.8333
41.9057
41.9388
41.9448
41.9493
41.9519
41.952
41.9831
41.989
42.006
42.0224
42.0542
42.0782
42.0838
42.0906
42.0974
42.1015
42.1084
42.1094
42.1368
42.1548
42.1566
42.1611
42.1627
42.1764
42.2455
42.2618
42.3046
42.3466
42.4146
42.418
42.421
42.434
42.4851
42.501
42.5074
42.5487
42.551
42.5611
42.5653
42.5656
42.5989
42.6162
42.6165
42.6243
42.6261
42.6302
42.6727
42.6754
42.6998
42.7473
42.7675
42.7791
42.8089
42.8148
42.8258
42.8448
42.865
42.882
42.8879
42.8916
42.905
42.9397
42.9536
43.0019
43.0118
43.0347
43.0418
43.0734
43.0794
43.1017
43.1361
43.1504
43.1598
43.1637
43.219
43.2245
43.2559
43.4082
43.4225
43.4267
43.4315
43.4642
43.4651
43.4693
43.4989
43.5474
43.5497
43.5769
43.6248
43.6606
43.6697
43.7477
43.7527
43.8006
43.8447
43.851
43.8926
43.8981
43.9082
43.9164
43.9228
43.9984
44.0086
44.0893
44.1352
44.146
44.2433
44.2526
44.2556
44.2807
44.312
44.3439
44.3551
44.3657
44.3674
44.3796
44.3992
44.4084
44.4098
44.4237
44.4354
44.4723
44.4867
44.515
44.5536
44.5614
44.5839
44.6239
44.6796
44.7007
44.7295
44.7354
44.7425
44.7552
44.7767
44.8551
44.878
44.8962
44.9709
44.9819
44.992
44.9924
44.9929
45.0432
45.0906
45.0913
45.0966
45.1172
45.1657
45.1708
45.1781
45.1932
45.2332
45.2434
45.2839
45.3164
45.3309
45.3365
45.3481
45.3532
45.3554
45.3903
45.4198
45.4213
45.4295
45.4301
45.4972
45.5072
45.5209
45.5427
45.5453
45.5538
45.5687
45.5892
45.6429
45.7849
45.7889
45.8299
45.8408
45.9291
45.9934
45.998
46.0305
46.0443
46.048
46.0486
46.0505
46.1004
46.1218
46.1577
46.1682
46.1747
46.1821
46.1855
46.2076
46.2518
46.2718
46.3414
46.3635
46.3687
46.3976
46.4194
46.466
46.5167
46.5464
46.5788
46.6336
46.6605
46.7059
46.7978
46.8072
46.8076
46.8157
46.8161
46.8391
46.8537
46.8658
46.8687
46.9368
46.9385
46.9716
46.9752
47.0131
47.0357
47.0618
47.0704
47.0786
47.1081
47.1189
47.1489
47.1591
47.1599
47.1651
47.1781
47.1834
47.2368
47.245
47.2738
47.2767
47.32
47.3358
47.3468
47.3769
47.3973
47.4058
47.4326
47.4617
47.5164
47.5478
47.56
47.6026
47.6038
47.6584
47.6876
47.6945
47.715
47.7176
47.7414
47.7574
47.7641
47.7782
47.8192
47.8461
47.9092
47.9336
48.0245
48.0657
48.1229
48.1884
48.1986
48.2963
48.3897
48.4023
48.4974
48.5142
48.5345
48.5635
48.5696
48.6206
48.6242
48.6446
48.6866
48.7666
48.7735
48.7796
48.8028
48.8153
48.9163
48.9372
48.9534
48.9639
48.967
49.0039
49.0252
49.0392
49.074
49.0879
49.0999
49.1271
49.1342
49.1347
49.1497
49.1633
49.2069
49.2538
49.2641
49.2767
49.2976
49.3011
49.3591
49.3779
49.4695
49.4889
49.5183
49.5658
49.6397
49.6957
49.7038
49.8119
49.8433
49.8655
49.8961
49.9359
49.9574
49.9714
50.0016
50.0288
50.0537
50.0916
50.1183
50.1214
50.1971
50.2098
50.3239
50.379
50.4019
50.4186
50.5016
50.514
50.5224
50.5276
50.5361
50.5553
50.585
50.648
50.67
50.6973
50.7012
50.725
50.7615
50.7634
50.7841
50.8837
50.9004
50.9012
50.9752
50.9777
51.0006
51.0726
51.1018
51.183
51.1852
51.1964
51.2421
51.2989
51.3097
51.3157
51.3158
51.3182
51.3454
51.3672
51.3872
51.4929
51.5644
51.6193
51.6626
51.7596
51.7806
51.8108
51.8632
51.9002
51.961
52.0291
52.0447
52.0593
52.0679
52.0831
52.0868
52.1031
52.1219
52.2536
52.2714
52.2778
52.2934
52.372
52.3739
52.4343
52.445
52.4451
52.4792
52.5015
52.5152
52.5623
52.5909
52.6395
52.6602
52.667
52.7375
52.7418
52.7873
52.8163
52.834
52.8386
53.0592
53.1007
53.1119
53.1268
53.138
53.143
53.1521
53.1599
53.2149
53.2247
53.273
53.306
53.3117
53.3211
53.4475
53.4771
53.4818
53.4992
53.5024
53.626
53.631
53.7318
53.7816
53.7908
53.7996
53.8315
53.8479
53.8614
53.9853
54.0208
54.118
54.1434
54.1548
54.1913
54.2235
54.2327
54.2588
54.2965
54.3886
54.4115
54.459
54.4977
54.5154
54.5359
54.5654
54.6219
54.6562
54.7914
54.8358
54.8386
54.8938
54.9239
54.9404
54.9446
55.0156
55.0375
55.0727
55.0769
55.1347
55.1707
55.1937
55.2344
55.2396
55.2936
55.3793
55.3878
55.4061
55.4341
55.4431
55.4794
55.6723
55.8319
55.8709
55.8827
55.9587
56.0226
56.0344
56.0568
56.073
56.1033
56.1391
56.168
56.1995
56.2129
56.2361
56.2397
56.2835
56.5817
56.6233
56.639
56.656
56.7165
56.8087
56.9283
57.0405
57.0723
57.1175
57.1524
57.2116
57.2198
57.284
57.4309
57.4905
57.4911
57.5281
57.6085
57.6339
57.7366
57.7736
57.8134
57.8449
57.8457
57.8505
57.8964
57.9153
57.9804
58.1167
58.1195
58.1267
58.1591
58.2021
58.211
58.2658
58.386
58.3876
58.5299
58.5505
58.6078
58.6235
58.705
58.7232
58.7698
58.7806
58.7982
59.0483
59.1844
59.1997
59.3874
59.4054
59.4357
59.577
59.637
59.8434
59.8597
59.9219
59.9317
59.9378
59.9395
60.0195
60.0422
60.1946
60.2728
60.3134
60.9199
61.1494
61.213
61.3623
61.7045
61.8138
61.8994
61.9042
61.9992
62.2134
62.2367
62.2446
62.2528
62.3978
62.5994
62.6236
62.9267
63.0493
63.1798
63.644
63.9397
64.0176
64.1116
64.209
64.2784
64.5075
64.5562
64.831
65.0283
65.0437
65.119
65.3483
65.3544
65.3868
65.4783
65.5982
65.8501
65.9834
66.2529
66.3234
66.3236
66.4003
66.4678
66.7013
66.828
66.8818
66.8994
67.0579
67.1051
67.1296
67.1812
67.2659
67.3768
67.4957
67.5201
67.7365
67.9803
68.7028
68.7324
69.0764
69.4014
70.0537
70.2805
70.7314
70.8631
71.186
71.3494
71.6468
72.562
73.2399
73.3167
73.3442
73.8514
74.0154
77.1323
78.3894
80.3964
84.5965
94.4286
